0	0	0	0	0	0	0	0	0	0	0	0	0	0	0	0	0	0	0	0	0	0	0	0	0	0	0	0	0	0	0	0	0	0	0	0	0	0	0	0	0	0	0	0	0	0	0	0	0	0	0	0	0	0	0	0	0	0	0	0	0	0	0	0	0	0	0	0	0	0	0	0	0	0	0	0	0	0	0	0	0	0	0	0	0	0	0	0	0	0	0	0	0	0	0	0	0	0	0	0	0	0	
0	0	0	0	0	0	0	0	0	0	0	0	0	0	0	0	0	0	0	0	0	0	0	0	0	0	0	0	0	0	0	0	0	0	0	0	0	0	0	0	0	0	0	0	0	0	0	0	0	0	0	0	0	0	0	0	0	0	0	0	0	0	0	0	0	0	0	0	0	0	0	0	0	0	0	0	0	0	0	0	0	0	0	0	0	0	0	0	0	0	0	0	0	0	0	0	0	0	0	0	0	0	
0	0	0	0	0	0	0	0	0	0	0	0	0	0	0	0	0	0	0	0	0	0	0	0	0	0	0	0	0	0	0	0	0	0	0	0	0	0	0	0	0	0	0	0	0	0	0	0	0	0	0	0	0	0	0	0	0	0	0	0	0	0	0	0	0	0	0	0	0	0	0	0	0	0	0	0	0	0	0	0	0	0	0	0	0	0	0	0	0	0	0	0	0	0	0	0	0	0	0	0	0	0	
0	0	0	0	0	0	0	0	0	0	0	0	0	0	0	0	0	0	0	0	0	0	0	0	0	0	0	0	0	0	0	0	0	0	0	0	0	0	0	0	0	0	0	0	0	0	0	0	0	0	0	0	0	0	0	0	0	0	0	0	0	0	0	0	0	0	0	0	0	0	0	0	0	0	0	0	0	0	0	0	0	0	0	0	0	0	0	0	0	0	0	0	0	0	0	0	0	0	0	0	0	0	
0	0	0	0	0	0	0	0	0	0	0	0	0	0	0	0	0	0	0	0	0	0	0	0	0	0	0	0	0	0	0	0	0	0	0	0	0	0	0	0	0	0	0	0	0	0	0	0	0	0	0	0	0	0	0	0	0	0	0	0	0	0	0	0	0	0	0	0	0	0	0	0	0	0	0	0	0	0	0	0	0	0	0	0	0	0	0	0	0	0	0	0	0	0	0	0	0	0	0	0	0	0	
0	0	0	0	0	0	0	0	0	0	0	0	0	0	0	0	0	0	0	0	0	0	0	0	0	0	0	0	0	0	0	0	0	0	0	0	0	0	0	0	0	0	0	0	0	0	0	0	0	0	0	0	0	0	0	0	0	0	0	0	0	0	0	0	0	0	0	0	0	0	0	0	0	0	0	0	0	0	0	0	0	0	0	0	0	0	0	0	0	0	0	0	0	0	0	0	0	0	0	0	0	0	
0	0	0	0	0	0	0	0	0	0	0	0	0	0	0	0	0	0	0	0	0	0	0	0	0	0	0	0	0	0	0	0	0	0	0	0	0	0	0	0	0	0	0	0	0	0	0	0	0	0	0	0	0	0	0	0	0	0	0	0	0	0	0	0	0	0	0	0	0	0	0	0	0	0	0	0	0	0	0	0	0	0	0	0	0	0	0	0	0	0	0	0	0	0	0	0	0	0	0	0	0	0	
0	0	0	0	0	0	0	0	0	0	0	0	0	0	0	0	0	0	0	0	0	0	0	0	0	0	0	0	0	0	0	0	0	0	0	0	0	0	0	0	0	0	0	0	0	0	0	0	0	0	0	0	0	0	0	0	0	0	0	0	0	0	0	0	0	0	0	0	0	0	0	0	0	0	0	0	0	0	0	0	0	0	0	0	0	0	0	0	0	0	0	0	0	0	0	0	0	0	0	0	0	0	
0	0	0	0	0	0	0	0	0	0	0	0	0	0	0	0	0	0	0	0	0	0	0	0	0	0	0	0	0	0	0	0	0	0	0	0	0	0	0	0	0	0	0	0	0	0	0	0	0	0	0	0	0	0	0	0	0	0	0	0	0	0	0	0	0	0	0	0	0	0	0	0	0	0	0	0	0	0	0	0	0	0	0	0	0	0	0	0	0	0	0	0	0	0	0	0	0	0	0	0	0	0	
0	0	0	0	0	0	0	0	0	0	0	0	0	0	0	0	0	0	0	0	0	0	0	0	0	0	0	0	0	0	0	0	0	0	0	0	0	0	0	0	0	0	0	0	0	0	0	0	0	0	0	0	0	0	0	0	0	0	0	0	0	0	0	0	0	0	0	0	0	0	0	0	0	0	0	0	0	0	0	0	0	0	0	0	0	0	0	0	0	0	0	0	0	0	0	0	0	0	0	0	0	0	
0	0	0	0	0	0	0	0	0	0	0	0	0	0	0	0	0	0	0	0	0	0	0	0	0	0	0	0	0	0	0	0	0	0	0	0	0	0	0	0	0	0	0	0	0	0	0	0	0	0	0	0	0	0	0	0	0	0	0	0	0	0	0	0	0	0	0	0	0	0	0	0	0	0	0	0	0	0	0	0	0	0	0	0	0	0	0	0	0	0	0	0	0	0	0	0	0	0	0	0	0	0	
0	0	0	0	0	0	0	0	0	0	0	0	0	0	0	0	0	0	0	0	0	0	0	0	0	0	0	0	0	0	0	0	0	0	0	0	0	0	0	0	0	0	0	0	0	0	0	0	0	0	0	0	0	0	0	0	0	0	0	0	0	0	0	0	0	0	0	0	0	0	0	0	0	0	0	0	0	0	0	0	0	0	0	0	0	0	0	0	0	0	0	0	0	0	0	0	0	0	0	0	0	0	
0	0	0	0	0	0	0	0	0	0	0	0	0	0	0	0	0	0	0	0	0	0	0	0	0	0	0	0	0	0	0	0	0	0	0	0	0	0	0	0	0	0	0	0	0	0	0	0	0	0	0	0	0	0	0	0	0	0	0	0	0	0	0	0	0	0	0	0	0	0	0	0	0	0	0	0	0	0	0	0	0	0	0	0	0	0	0	0	0	0	0	0	0	0	0	0	0	0	0	0	0	0	
0	0	0	0	0	0	0	0	0	0	0	0	0	0	0	0	0	0	0	0	0	0	0	0	0	0	0	0	0	0	0	0	0	0	0	0	0	0	0	0	0	0	0	0	0	0	0	0	0	0	0	0	0	0	0	0	0	0	0	0	0	0	0	0	0	0	0	0	0	0	0	0	0	0	0	0	0	0	0	0	0	0	0	0	0	0	0	0	0	0	0	0	0	0	0	0	0	0	0	0	0	0	
0	0	0	0	0	0	0	0	0	0	0	0	0	0	0	0	0	0	0	0	0	0	0	0	0	0	0	0	0	0	0	0	0	0	0	0	0	0	0	0	0	0	0	0	0	0	0	0	0	0	0	0	0	0	0	0	0	0	0	0	0	0	0	0	0	0	0	0	0	0	0	0	0	0	0	0	0	0	0	0	0	0	0	0	0	0	0	0	0	0	0	0	0	0	0	0	0	0	0	0	0	0	
0	0	0	0	0	0	0	0	0	0	0	0	0	0	0	0	0	0	0	0	0	0	0	0	0	0	0	0	0	0	0	0	0	0	0	0	0	0	0	0	0	0	0	0	0	0	0	0	0	0	0	0	0	0	0	0	0	0	0	0	0	0	0	0	0	0	0	0	0	0	0	0	0	0	0	0	0	0	0	0	0	0	0	0	0	0	0	0	0	0	0	0	0	0	0	0	0	0	0	0	0	0	
0	0	0	0	0	0	0	0	0	0	0	0	0	0	0	0	0	0	0	0	0	0	0	0	0	0	0	0	0	0	0	0	0	0	0	0	0	0	0	0	0	0	0	0	0	0	0	0	0	0	0	0	0	0	0	0	0	0	0	0	0	0	0	0	0	0	0	0	0	0	0	0	0	0	0	0	0	0	0	0	0	0	0	0	0	0	0	0	0	0	0	0	0	0	0	0	0	0	0	0	0	0	
0	0	0	0	0	0	0	0	0	0	0	0	0	0	0	0	0	0	0	0	0	0	0	0	0	0	0	0	0	0	0	0	0	0	0	0	0	0	0	0	0	0	0	0	0	0	0	0	0	0	0	0	0	0	0	0	0	0	0	0	0	0	0	0	0	0	0	0	0	0	0	0	0	0	0	0	0	0	0	0	0	0	0	0	0	0	0	0	0	0	0	0	0	0	0	0	0	0	0	0	0	0	
0	0	0	0	0	0	0	0	0	0	0	0	0	0	0	0	0	0	0	0	0	0	0	0	0	0	0	0	0	0	0	0	0	0	0	0	0	0	0	0	0	0	0	0	0	0	0	0	0	0	0	0	0	0	0	0	0	0	0	0	0	0	0	0	0	0	0	0	0	0	0	0	0	0	0	0	0	0	0	0	0	0	0	0	0	0	0	0	0	0	0	0	0	0	0	0	0	0	0	0	0	0	
0	0	0	0	0	0	0	0	0	0	0	0	0	0	0	0	0	0	0	0	0	0	0	0	0	0	0	0	0	0	0	0	0	0	0	0	0	0	0	0	0	0	0	0	0	0	0	0	0	0	0	0	0	0	0	0	0	0	0	0	0	0	0	0	0	0	0	0	0	0	0	0	0	0	0	0	0	0	0	0	0	0	0	0	0	0	0	0	0	0	0	0	0	0	0	0	0	0	0	0	0	0	
0	0	0	0	0	0	0	0	0	0	0	0	0	0	0	0	0	0	0	0	0	0	0	0	0	0	0	0	0	0	0	0	0	0	0	0	0	0	0	0	0	0	0	0	0	0	0	0	0	0	0	0	0	0	0	0	0	0	0	0	0	0	0	0	0	0	0	0	0	0	0	0	0	0	0	0	0	0	0	0	0	0	0	0	0	0	0	0	0	0	0	0	0	0	0	0	0	0	0	0	0	0	
0	0	0	0	0	0	0	0	0	0	0	0	0	0	0	0	0	0	0	0	0	0	0	0	0	0	0	0	0	0	0	0	0	0	0	0	0	0	0	0	0	0	0	0	0	0	0	0	0	0	0	0	0	0	0	0	0	0	0	0	0	0	0	0	0	0	0	0	0	0	0	0	0	0	0	0	0	0	0	0	0	0	0	0	0	0	0	0	0	0	0	0	0	0	0	0	0	0	0	0	0	0	
0	0	0	0	0	0	0	0	0	0	0	0	0	0	0	0	0	0	0	0	0	0	0	0	0	0	0	0	0	0	0	0	0	0	0	0	0	0	0	0	0	0	0	0	0	0	0	0	0	0	0	0	0	0	0	0	0	0	0	0	0	0	0	0	0	0	0	0	0	0	0	0	0	0	0	0	0	0	0	0	0	0	0	0	0	0	0	0	0	0	0	0	0	0	0	0	0	0	0	0	0	0	
0	0	0	0	0	0	0	0	0	0	0	0	0	0	0	0	0	0	0	0	0	0	0	0	0	0	0	0	0	0	0	0	0	0	0	0	0	0	0	0	0	0	0	0	0	0	0	0	0	0	0	0	0	0	0	0	0	0	0	0	0	0	0	0	0	0	0	0	0	0	0	0	0	0	0	0	0	0	0	0	0	0	0	0	0	0	0	0	0	0	0	0	0	0	0	0	0	0	0	0	0	0	
0	0	0	0	0	0	0	0	0	0	0	0	0	0	0	0	0	0	0	0	0	0	0	0	0	0	0	0	0	0	0	0	0	0	0	0	0	0	0	0	0	0	0	0	0	0	0	0	0	0	0	0	0	0	0	0	0	0	0	0	0	0	0	0	0	0	0	0	0	0	0	0	0	0	0	0	0	0	0	0	0	0	0	0	0	0	0	0	0	0	0	0	0	0	0	0	0	0	0	0	0	0	
0	0	0	0	0	0	0	0	0	0	0	0	0	0	0	0	0	0	0	0	0	0	0	0	0	0	0	0	0	0	0	0	0	0	0	0	0	0	0	0	0	0	0	0	0	0	0	0	0	0	0	0	0	0	0	0	0	0	0	0	0	0	0	0	0	0	0	0	0	0	0	0	0	0	0	0	0	0	0	0	0	0	0	0	0	0	0	0	0	0	0	0	0	0	0	0	0	0	0	0	0	0	
0	0	0	0	0	0	0	0	0	0	0	0	0	0	0	0	0	0	0	0	0	0	0	0	0	0	0	0	0	0	0	0	0	0	0	0	0	0	0	0	0	0	0	0	0	0	0	0	0	0	0	0	0	0	0	0	0	0	0	0	0	0	0	0	0	0	0	0	0	0	0	0	0	0	0	0	0	0	0	0	0	0	0	0	0	0	0	0	0	0	0	0	0	0	0	0	0	0	0	0	0	0	
0	0	0	0	0	0	0	0	0	0	0	0	0	0	0	0	0	0	0	0	0	0	0	0	0	0	0	0	0	0	0	0	0	0	0	0	0	0	0	0	0	0	0	0	0	0	0	0	0	0	0	0	0	0	0	0	0	0	0	0	0	0	0	0	0	0	0	0	0	0	0	0	0	0	0	0	0	0	0	0	0	0	0	0	0	0	0	0	0	0	0	0	0	0	0	0	0	0	0	0	0	0	
0	0	0	0	0	0	0	0	0	0	0	0	0	0	0	0	0	0	0	0	0	0	0	0	0	0	0	0	0	0	0	0	0	0	0	0	0	0	0	0	0	0	0	0	0	0	0	0	0	0	0	0	0	0	0	0	0	0	0	0	0	0	0	0	0	0	0	0	0	0	0	0	0	0	0	0	0	0	0	0	0	0	0	0	0	0	0	0	0	0	0	0	0	0	0	0	0	0	0	0	0	0	
0	0	0	0	0	0	0	0	0	0	0	0	0	0	0	0	0	0	0	0	0	0	0	0	0	0	0	0	0	0	0	0	0	0	0	0	0	0	0	0	0	0	0	0	0	0	0	0	0	0	0	0	0	0	0	0	0	0	0	0	0	0	0	0	0	0	0	0	0	0	0	0	0	0	0	0	0	0	0	0	0	0	0	0	0	0	0	0	0	0	0	0	0	0	0	0	0	0	0	0	0	0	
0	0	0	0	0	0	0	0	0	0	0	0	0	0	0	0	0	0	0	0	0	0	0	0	0	0	0	0	0	0	0	0	0	0	0	0	0	0	0	0	0	0	0	0	0	0	0	0	0	0	0	0	0	0	0	0	0	0	0	0	0	0	0	0	0	0	0	0	0	0	0	0	0	0	0	0	0	0	0	0	0	0	0	0	0	0	0	0	0	0	0	0	0	0	0	0	0	0	0	0	0	0	
0	0	0	0	0	0	0	0	0	0	0	0	0	0	0	0	0	0	0	0	0	0	0	0	0	0	0	0	0	0	0	0	0	0	0	0	0	0	0	0	0	0	0	0	0	0	0	0	0	0	0	0	0	0	0	0	0	0	0	0	0	0	0	0	0	0	0	0	0	0	0	0	0	0	0	0	0	0	0	0	0	0	0	0	0	0	0	0	0	0	0	0	0	0	0	0	0	0	0	0	0	0	
0	0	0	0	0	0	0	0	0	0	0	0	0	0	0	0	0	0	0	0	0	0	0	0	0	0	0	0	0	0	0	0	0	0	0	0	0	0	0	0	0	0	0	0	0	0	0	0	0	0	0	0	0	0	0	0	0	0	0	0	0	0	0	0	0	0	0	0	0	0	0	0	0	0	0	0	0	0	0	0	0	0	0	0	0	0	0	0	0	0	0	0	0	0	0	0	0	0	0	0	0	0	
0	0	0	0	0	0	0	0	0	0	0	0	0	0	0	0	0	0	0	0	0	0	0	0	0	0	0	0	0	0	0	0	0.0811333	0	0.163948	0.155794	0.0762925	0.0115898	0.0435762	0.018984	0.00627326	0.00161357	0.00431404	0.00571244	0.00714969	0.00849095	0.0111641	0.0060217	0.00554896	0.0081248	0.00778345	0.00752932	0.0082307	0.0160558	0.00896859	0.0286418	0.00970217	0.0064672	0.00462132	0.00410051	0.00571443	0.000928205	0.000743374	0.00396179	0.00132599	0.00891805	0.0354278	0.0314485	0.0199902	0.0118519	0.0195315	0.00655395	0.00655181	0.0147147	0.00296947	0.00511319	0.00148882	0.00416714	0.00464778	0.00387215	0.000993224	0.00271695	0.00287196	0.00491301	0.00527463	0.00261205	0.00344653	0.00577313	0.00509317	0.00571158	0.0047728	0.00501523	0.00453718	0.00892419	0.0538111	0.0674754	0.0234353	0.0960292	0.0307346	0.0249279	0.0118504	0.0110481	
0	0	0	0	0	0	0	0	0	0	0	0	0	0	0	0	0	0	0	0	0	0	0	0	0	0	0	0	0	0	0	0	0.381592	0.151368	0	0.193938	0.0710739	0.0308777	0.0361579	0.00631658	0.00565323	0.00949942	0.0129002	0.0400249	0.00630044	0.0221603	0.000214965	0.000289415	0.000568734	0.00240175	0.00283916	0.00646166	0.00195936	0.00846314	0.00850098	0.0283812	0.00753936	0.00466484	0.00235169	0.0152245	0.00172991	0.00135609	0.00232444	0.0043175	0.00222651	0.00558667	0.00643378	0.00501967	0.0121011	0.00632983	0.0224305	0.00544293	0.00323674	0.00411112	0.00325679	0.00314437	0.00350173	0.00355229	0.00359006	0.00143369	0.00353222	0.000952584	0.00324349	0.00944311	0.00440913	0.00216207	0.00301063	0.00361511	0.0054914	0.00896376	0.0058715	0.00507046	0.00525274	0.0162938	0.0263185	0.0475236	0.0263528	0.0551493	0.0554929	0.0180339	0.0114551	0.00718448	
0	0	0	0	0	0	0	0	0	0	0	0	0	0	0	0	0	0	0	0	0	0	0	0	0	0	0	0	0	0	0	0	0.101507	0.215463	0.146699	0	0.288783	0.0818618	0.0151662	0.00889959	0.0208876	0.0232986	0.0074951	0.0270164	0.0024834	0.042988	0.0164783	0.0065522	0.0129769	0.0128811	0.023488	0.0130278	0.0142743	0.0132722	0.0171496	0.024426	0.0133825	0.00430238	0.00184575	0.0115083	0.0100458	0.00464944	0.00869699	0.01418	0.0119799	0.00492863	0.0240242	0.0748763	0.0187854	0.0361383	0.0215479	0.0233291	0.00390183	0.0296786	0.00482686	0.00578759	0.00200778	0.00153891	0.00208003	0.00234662	0.000551017	0.00259446	0.00233276	0.00640521	0.00675084	0.00551116	0.00267661	0.00620149	0.00395443	0.0134791	0.00967321	0.00868978	0.0118894	0.0295208	0.0349062	0.0170206	0.0236428	0.0340839	0.0282799	0.0417765	0.0120811	0.00820947	
0	0	0	0	0	0	0	0	0	0	0	0	0	0	0	0	0	0	0	0	0	0	0	0	0	0	0	0	0	0	0	0	0.0354276	0.0315004	0.0764266	0.321487	0	0.243041	0.0362102	0.0376605	0.0357512	0.0216982	0.0203732	0.0297639	0.0128627	0.0295251	0.0218383	0.01683	0.00825435	0.00944742	0.0190357	0.0360323	0.0306317	0.0163765	0.0337494	0.0110461	0.0285715	0.0105068	0.0112887	0.015358	0.00619262	0.0104954	0.0121824	0.0161596	0.0144276	0.0137224	0.0106301	0.00990379	0.004421	0.00219579	0.00975683	0.0086316	0.00512542	0.0106484	0.00486837	0.0071863	0.00377505	0.0066682	0.00839036	0.00864391	0.00183561	0.00372515	0.00178278	0.0114896	0.00953327	0.00978869	0.00496693	0.00657244	0.00690817	0.0119261	0.00695207	0.0103355	0.0110595	0.0272002	0.0104751	0.00728661	0.00850147	0.00628571	0.0112047	0.00787382	0.0132298	0.0118124	
0	0	0	0	0	0	0	0	0	0	0	0	0	0	0	0	0	0	0	0	0	0	0	0	0	0	0	0	0	0	0	0	0.00328729	0.00351089	0.0248763	0.0772515	0.292005	0	0.0863047	0.0495612	0.0722212	0.112513	0.129583	0.126504	0.0610796	0.079395	0.0207138	0.026049	0.0185888	0.0138147	0.0315758	0.0336673	0.0293502	0.0168774	0.027247	0.0391149	0.0528105	0.0094677	0.00686991	0.0108917	0.0154078	0.00855038	0.0103849	0.0168164	0.0126401	0.00832071	0.00782156	0.00340857	0.00669253	0.00659443	0.0151816	0.00663246	0.0125132	0.0132699	0.00684313	0.00622659	0.00425564	0.00931185	0.00343739	0.00454658	0.00525184	0.00281825	0.00291217	0.00953107	0.0111826	0.0151427	0.0065075	0.00613237	0.00874274	0.0147593	0.0191976	0.0189002	0.0128873	0.0231589	0.00883732	0.0120289	0.00669497	0.00700818	0.00810845	0.0086411	0.0103617	0.0187485	
0	0	0	0	0	0	0	0	0	0	0	0	0	0	0	0	0	0	0	0	0	0	0	0	0	0	0	0	0	0	0	0	0.00453942	0.0332574	0.0347743	0.0247465	0.0397341	0.0791308	0	0.267657	0.124276	0.132392	0.0763217	0.0536899	0.0132009	0.0186507	0.0103876	0.0245055	0.0131499	0.00561949	0.0100054	0.0564836	0.0130524	0.0401375	0.0220741	0.0225098	0.0111446	0.0175624	0.00457119	0.00688299	0.00413924	0.00326486	0.00582459	0.0185429	0.0180759	0.00441442	0.00424526	0.00441867	0.00538115	0.00567862	0.00586876	0.00296977	0.00837016	0.0169133	0.0128883	0.0103668	0.00318457	0.00403022	0.0137687	0.00411662	0.00551933	0.00267695	0.0049287	0.00355454	0.0028705	0.00901294	0.00885824	0.00235124	0.00753809	0.007201	0.00997694	0.00664366	0.0138893	0.0155144	0.00821049	0.00715285	0.0120087	0.00827147	0.00753402	0.0101639	0.00736737	0.00981651	
0	0	0	0	0	0	0	0	0	0	0	0	0	0	0	0	0	0	0	0	0	0	0	0	0	0	0	0	0	0	0	0	0.00647891	0.00698339	0.00702125	0.0188177	0.0291543	0.0427006	0.335848	0	0.271142	0.0663955	0.0611288	0.0414143	0.0235079	0.0198365	0.0114846	0.0155604	0.0477007	0.0143498	0.0107972	0.0255512	0.0312796	0.0296415	0.0147115	0.0245205	0.0183562	0.0193138	0.00452304	0.0103053	0.0033456	0.0028871	0.00546116	0.0145444	0.0117456	0.0140295	0.00869543	0.00900524	0.0196688	0.00658239	0.00304732	0.0114828	0.0362544	0.0270182	0.0156206	0.00733326	0.00253142	0.00556719	0.0071518	0.0114597	0.00561558	0.00626706	0.0128146	0.00785733	0.00541508	0.0100759	0.00559153	0.0115174	0.0066672	0.00787658	0.00982522	0.00740067	0.0169586	0.0146323	0.0106892	0.00526296	0.00593832	0.00627241	0.0048217	0.0064332	0.00743846	0.0111569	
0	0	0	0	0	0	0	0	0	0	0	0	0	0	0	0	0	0	0	0	0	0	0	0	0	0	0	0	0	0	0	0	0.0553702	0.00179687	0.00601022	0.0145237	0.0187052	0.0451831	0.105958	0.254698	0	0.0831317	0.151205	0.0562511	0.0228916	0.0400349	0.033319	0.0169368	0.0164017	0.0407501	0.00830966	0.0377243	0.0155977	0.0342111	0.0133981	0.0627594	0.010916	0.00861961	0.00844247	0.0357616	0.0125582	0.011683	0.00759675	0.0236071	0.0196318	0.0264854	0.00827114	0.0201367	0.00368178	0.00695188	0.0141616	0.0187325	0.00827774	0.0181384	0.00551299	0.00960756	0.00726087	0.0126089	0.0182307	0.00607507	0.00511363	0.00472404	0.00968876	0.00853266	0.00514828	0.00607394	0.00756643	0.0111092	0.0247907	0.00472219	0.0070943	0.014056	0.00718933	0.0122329	0.0086443	0.00497712	0.00864614	0.00505498	0.00249329	0.00409894	0.00701415	0.00777844	
0	0	0	0	0	0	0	0	0	0	0	0	0	0	0	0	0	0	0	0	0	0	0	0	0	0	0	0	0	0	0	0	0.000219646	0.000106232	0.00152304	0.0760009	0.0820784	0.18732	0.19734	0.092806	0.0847718	0	0.0976751	0.053073	0.0779954	0.0190013	0.0547945	0.00872145	0.014512	0.0166711	0.00788998	0.0260393	0.0134729	0.0171256	0.00356314	0.00878013	0.0193619	0.00627038	0.00255637	0.00714236	0.00129708	0.00470319	0.00162594	0.00885786	0.0218989	0.0182856	0.00625147	0.00581879	0.00258714	0.0334021	0.00910214	0.00297438	0.00821393	0.0082368	0.00427578	0.00257388	0.00273443	0.00418949	0.00454414	0.0048879	0.00335218	0.00143897	0.00544476	0.00270023	0.00307999	0.00584846	0.00764082	0.00430372	0.00522418	0.00358095	0.00724127	0.0160681	0.00981424	0.0111121	0.00459376	0.00352479	0.0025157	0.00490357	0.00593877	0.00600936	0.00656266	0.0147851	
0	0	0	0	0	0	0	0	0	0	0	0	0	0	0	0	0	0	0	0	0	0	0	0	0	0	0	0	0	0	0	0	0.00132629	0.00137982	0.00327046	0.0103407	0.0153716	0.121893	0.0440367	0.0677504	0.186094	0.0757661	0	0.217984	0.0680624	0.0688237	0.0353835	0.0257303	0.0246604	0.0177549	0.0262507	0.0369914	0.0154523	0.00741994	0.00234285	0.00735154	0.00234129	0.00987504	0.00380013	0.0195765	0.0215476	0.011259	0.00656357	0.00306982	0.0225516	0.00410188	0.00205952	0.00733365	0.00748558	0.00659479	0.00982085	0.00635158	0.0123865	0.0132321	0.0188793	0.00794383	0.00922154	0.0129325	0.00500547	0.0116285	0.00463387	0.00983424	0.00775006	0.00541563	0.00344099	0.0203791	0.0172941	0.00875436	0.00874308	0.00642966	0.00852143	0.00966325	0.00981717	0.0151183	0.00718353	0.0047552	0.00714775	0.00717258	0.00358836	0.00541787	0.00701004	0.0117045	
0	0	0	0	0	0	0	0	0	0	0	0	0	0	0	0	0	0	0	0	0	0	0	0	0	0	0	0	0	0	0	0	0.000297989	0.00240877	0.0426247	0.0238121	0.0267176	0.117818	0.038945	0.0727124	0.0890854	0.0615421	0.247901	0	0.104784	0.147939	0.0624849	0.0284364	0.0518714	0.0472478	0.0549372	0.0470803	0.0083168	0.00937651	0.0159831	0.00342553	0.0115945	0.00615947	0.0100787	0.00957931	0.00856104	0.00592587	0.00798842	0.00672226	0.00719972	0.00218882	0.00402699	0.00246259	0.0189072	0.00417704	0.00402076	0.0037979	0.00320797	0.0110113	0.00503129	0.00336965	0.00344238	0.00565359	0.00912508	0.00542272	0.0048138	0.0132356	0.0084337	0.0131084	0.00848913	0.018353	0.016105	0.0160213	0.00838749	0.0115045	0.00453769	0.00532079	0.0122631	0.0132705	0.0102803	0.00424766	0.00459564	0.00720858	0.0044244	0.00653552	0.00721466	0.030164	
0	0	0	0	0	0	0	0	0	0	0	0	0	0	0	0	0	0	0	0	0	0	0	0	0	0	0	0	0	0	0	0	0.000218137	0.00011119	0.000714446	0.00550229	0.00642689	0.132505	0.0173846	0.0172413	0.0336292	0.349873	0.103143	0.173001	0	0.180552	0.284983	0.0418172	0.0389456	0.0221154	0.0142531	0.00503403	0.00535018	0.00946275	0.00294757	0.011798	0.00161614	0.0042772	0.000352721	0.00746595	0.00480992	0.0010301	0.00448098	0.00354222	0.00570558	0.000531079	0.000287475	0.00121854	0.00124812	0.00360261	0.00113643	0.00157044	0.00453501	0.0162972	0.0100755	0.00636389	0.00300955	0.00334727	0.00505882	0.00472967	0.00307229	0.00860675	0.00692279	0.00194775	0.00367599	0.00853701	0.0134634	0.00327468	0.00317815	0.00397555	0.00242792	0.00870724	0.00753892	0.00547647	0.00418909	0.00125314	0.00065974	0.00355452	0.00242315	0.00310254	0.00213387	0.00683242	
0	0	0	0	0	0	0	0	0	0	0	0	0	0	0	0	0	0	0	0	0	0	0	0	0	0	0	0	0	0	0	0	0.00511758	0.000282326	0.00633345	0.00598672	0.00908604	0.0885264	0.0168717	0.0198291	0.0294586	0.0629896	0.0560418	0.202531	0.210611	0	0.258063	0.147346	0.0814423	0.0270679	0.0185026	0.0216005	0.0295826	0.0148958	0.010268	0.00711435	0.00155532	0.00423139	0.000832945	0.0122171	0.00883179	0.00581041	0.0055373	0.012137	0.00980012	0.00239539	0.00123365	0.00514134	0.00407972	0.000113107	0.0027473	0.00430785	0.0044928	0.0158026	0.00174597	0.00541843	0.0229439	0.0126613	0.00712087	0.0101538	0.00724362	0.0129409	0.0201504	0.011741	0.0138553	0.013286	0.0141463	0.00554963	0.0101366	0.00171664	0.00515	0.00495012	0.00606037	0.00900481	0.00381028	0.00535902	0.00515871	0.00469962	0.00251957	0.00246202	0.00643334	0.00933637	
0	0	0	0	0	0	0	0	0	0	0	0	0	0	0	0	0	0	0	0	0	0	0	0	0	0	0	0	0	0	0	0	0.00457504	0.000730418	0.00149937	0.00461501	0.00684708	0.00438337	0.0115465	0.0149015	0.0183514	0.0257973	0.0301804	0.0484523	0.212787	0.228042	0	0.227023	0.108114	0.0500715	0.0174757	0.0101012	0.00735733	0.00438015	0.00616803	0.000365688	0.000753661	0.000620837	0.00612781	0.00721477	0.0143627	0.00695146	0.0173956	0.0125935	0.0135355	0.00263854	0.00056859	0.00284918	0.000446366	0.000527235	0.00126485	0.00180645	0.00363326	0.0246955	0.00195173	0.00854466	0.00557916	0.00749621	0.0110886	0.0093071	0.0117278	0.0104117	0.0144946	0.00642582	0.0036053	0.00582483	0.00904815	0.0104642	0.00784293	0.00405595	0.0114701	0.00459972	0.00424151	0.00478889	0.00484489	0.00174265	0.00394842	0.00269253	0.0025255	0.00648794	0.00522308	0.0128483	
0	0	0	0	0	0	0	0	0	0	0	0	0	0	0	0	0	0	0	0	0	0	0	0	0	0	0	0	0	0	0	0	0.00221671	0.000748226	0.00169052	0.00544058	0.00761885	0.00779118	0.0139693	0.0155708	0.0224623	0.0063081	0.0268844	0.0416687	0.0705732	0.138202	0.285136	0	0.221957	0.0364928	0.0110438	0.0024049	0.0102094	0.00396499	0.0083582	0.00370464	0.00481601	0.00510693	0.0151164	0.00121554	0.0161915	0.00413865	0.00515222	0.00305378	0.00949645	0.00130394	0.00168376	0.00531029	0.000198613	0.00378957	0.00302053	0.00498273	0.00201122	0.00432417	0.00408311	0.00234283	0.00944059	0.00630265	0.00524785	0.0107117	0.015497	0.0173653	0.00540349	0.00799297	0.01553	0.00806132	0.00843856	0.012047	0.00684843	0.00287538	0.00637251	0.00360065	0.00716803	0.00466875	0.00304417	0.00246373	0.00244982	0.00313478	0.00157106	0.0037693	0.00606902	0.0102288	
0	0	0	0	0	0	0	0	0	0	0	0	0	0	0	0	0	0	0	0	0	0	0	0	0	0	0	0	0	0	0	0	0.00375752	0.00186204	0.00287409	0.00727109	0.00950914	0.0164376	0.0189638	0.0223856	0.0276855	0.0345308	0.0337418	0.032948	0.0570241	0.0820434	0.0844669	0.219827	0	0.180843	0.067788	0.0449437	0.0632673	0.0044845	0.00962585	0.00679278	0.0208822	0.00568599	0.00516761	0.014709	0.0165963	0.00707599	0.0124589	0.00957389	0.00971887	0.0073524	0.00144483	0.00557285	0.000524647	0.00563974	0.000669251	0.000711444	0.00249552	0.0105498	0.00306015	0.00484437	0.00138644	0.00326281	0.0039297	0.00529384	0.00638164	0.00455876	0.012153	0.0094453	0.0125149	0.00480994	0.00797276	0.00646378	0.00452665	0.015237	0.00947969	0.0124265	0.00598828	0.00949206	0.00508002	0.00203486	0.00173266	0.00550557	0.00172784	0.00312015	0.00713426	0.0116806	
0	0	0	0	0	0	0	0	0	0	0	0	0	0	0	0	0	0	0	0	0	0	0	0	0	0	0	0	0	0	0	0	0.00113234	0.0113141	0.00179057	0.00745039	0.0111269	0.0105218	0.0202587	0.0214992	0.027613	0.0071738	0.0296787	0.0352579	0.0242967	0.0380604	0.0356206	0.0543463	0.187599	0	0.208717	0.0750077	0.0535757	0.0451778	0.0537656	0.0432416	0.00671218	0.00666208	0.00573623	0.0376188	0.0165152	0.0130278	0.0163606	0.0143645	0.00399014	0.00748754	0.00416331	0.00111972	0.00236893	0.00131827	0.0011263	0.000920772	0.0012338	0.0132963	0.00529197	0.0261559	0.00765879	0.00331361	0.0075933	0.010086	0.00674284	0.00434783	0.012368	0.0101206	0.0133776	0.00887912	0.00585447	0.0073206	0.00681488	0.00684492	0.00425995	0.00961204	0.00548324	0.0172686	0.00206806	0.00380067	0.00484008	0.00424939	0.00141876	0.00353636	0.00597937	0.00711823	
0	0	0	0	0	0	0	0	0	0	0	0	0	0	0	0	0	0	0	0	0	0	0	0	0	0	0	0	0	0	0	0	0.027783	0.000502104	0.00350707	0.0125085	0.0145338	0.017796	0.021901	0.0223232	0.0216828	0.00520213	0.0233251	0.0190913	0.0292241	0.0231998	0.0219868	0.0306163	0.0758692	0.242563	0	0.223142	0.075783	0.0683422	0.0405106	0.0349994	0.0504484	0.0383441	0.0310844	0.0429854	0.0215311	0.0132968	0.021699	0.0119846	0.0288376	0.0106078	0.00682488	0.00265655	0.00812942	0.00718872	0.0110446	0.00603373	0.00934433	0.0166456	0.0115259	0.00776713	0.0010467	0.00365047	0.0105056	0.0130098	0.0113779	0.00515997	0.0070607	0.0086678	0.00869079	0.00542048	0.00558152	0.00877252	0.00836947	0.01423	0.00527051	0.0109888	0.00872822	0.0111761	0.00586744	0.0121224	0.0128684	0.0165308	0.0160685	0.0101925	0.00666413	0.00735381	
0	0	0	0	0	0	0	0	0	0	0	0	0	0	0	0	0	0	0	0	0	0	0	0	0	0	0	0	0	0	0	0	0.0142598	0.00326323	0.00666206	0.0124675	0.0125822	0.0124915	0.0193713	0.0191699	0.0203545	0.0286874	0.0144376	0.0230455	0.00802136	0.0117089	0.0115894	0.0148971	0.0322862	0.0457144	0.193123	0	0.228665	0.133464	0.179523	0.0593398	0.0569286	0.0369371	0.0216756	0.0103849	0.0185763	0.00807934	0.0106962	0.0159609	0.0345059	0.0100637	0.00577065	0.00524535	0.00979527	0.0174714	0.0107666	0.0036348	0.00897272	0.0102002	0.00365661	0.003301	0.00377919	0.00238676	0.00253763	0.00217397	0.00326703	0.00404474	0.00389364	0.00349804	0.0148034	0.00727323	0.00787394	0.0106242	0.006637	0.0163005	0.0123827	0.0062643	0.0169835	0.00426503	0.0115357	0.0143914	0.0284616	0.00393632	0.00552099	0.00611209	0.00539582	0.00734123	
0	0	0	0	0	0	0	0	0	0	0	0	0	0	0	0	0	0	0	0	0	0	0	0	0	0	0	0	0	0	0	0	0.0216566	0.0542305	0.00753546	0.0145944	0.015585	0.0172952	0.0170271	0.0162774	0.0164342	0.00308761	0.0144087	0.00973259	0.0239784	0.012384	0.0120624	0.0137445	0.0243498	0.0329733	0.0735591	0.210043	0	0.248794	0.146796	0.0657301	0.0394547	0.0180416	0.0128431	0.0110743	0.0230747	0.0208346	0.00807543	0.0395582	0.00714112	0.00484649	0.000600914	0.0125979	0.00876788	0.00751822	0.00644368	0.00606413	0.00694656	0.0133122	0.00295537	0.00591906	0.00410414	0.00385546	0.00191277	0.000737548	0.00208968	0.00358834	0.00267436	0.00554963	0.00738056	0.0109741	0.00451334	0.00554527	0.0056638	0.0058472	0.01871	0.011861	0.0180788	0.0153182	0.0135186	0.0120665	0.0179738	0.00508621	0.00267028	0.00909315	0.00989154	0.00856896	
0	0	0	0	0	0	0	0	0	0	0	0	0	0	0	0	0	0	0	0	0	0	0	0	0	0	0	0	0	0	0	0	0.00390611	0.00901294	0.00899968	0.0143574	0.01381	0.0150737	0.0162276	0.0136845	0.0162714	0.00658354	0.0101287	0.0166227	0.00491627	0.00770831	0.00767669	0.0094937	0.0163221	0.0194321	0.0518111	0.144184	0.23139	0	0.217957	0.0763746	0.0611837	0.0270893	0.0194357	0.0184491	0.0150844	0.006964	0.00534839	0.0119794	0.00414311	0.0121182	0.00350232	0.00338178	0.00482585	0.0100296	0.00769301	0.00733755	0.0117938	0.0185436	0.00249941	0.0105704	0.00111637	0.00301961	0.0119509	0.00879392	0.00361839	0.00181337	0.00323918	0.00198371	0.00309973	0.00445219	0.00456709	0.00985498	0.00813439	0.0173872	0.0145332	0.0142475	0.014035	0.0120826	0.0160732	0.0183529	0.0273148	0.0106086	0.0139172	0.0102024	0.00879751	0.00745152	
0	0	0	0	0	0	0	0	0	0	0	0	0	0	0	0	0	0	0	0	0	0	0	0	0	0	0	0	0	0	0	0	0.00456585	0.0014147	0.00514411	0.0164003	0.0181285	0.0230036	0.0141259	0.0141601	0.0119617	0.039499	0.011635	0.0099346	0.00698493	0.0104808	0.00848316	0.010205	0.0151446	0.0223501	0.038723	0.114443	0.125298	0.186273	0	0.171244	0.0740064	0.0671404	0.0244281	0.0713236	0.00702777	0.00872974	0.0137246	0.0125545	0.0069996	0.00250029	0.0104377	0.0102589	0.00574643	0.00568446	0.0200794	0.00669126	0.0108921	0.0141318	0.00497863	0.000972963	0.00269859	0.0113691	0.00332306	0.00153386	0.00379765	0.00282304	0.00907198	0.00234107	0.00449475	0.00654207	0.00639871	0.00536273	0.0125851	0.0118383	0.00715093	0.0156911	0.020917	0.00723451	0.0134476	0.00760057	0.00959594	0.0044473	0.00418838	0.00843612	0.0083965	0.0106329	
0	0	0	0	0	0	0	0	0	0	0	0	0	0	0	0	0	0	0	0	0	0	0	0	0	0	0	0	0	0	0	0	0.0225359	0.0369626	0.0176751	0.0154461	0.0105674	0.0115614	0.0102	0.00862611	0.0769814	0.00402457	0.00532005	0.00917241	0.00274735	0.0041513	0.00400667	0.00460775	0.00835794	0.00921103	0.0208798	0.0427703	0.0367721	0.0955021	0.166929	0	0.259983	0.0969755	0.111777	0.0308725	0.00921221	0.0145	0.00594696	0.0206103	0.00180419	0.0152535	0.00960397	0.0108366	0.0126451	0.031114	0.0205221	0.00640837	0.00293209	0.0035502	0.000233318	0.0018284	0.00466735	0.00542244	0.00355433	0.00547057	0.00526216	0.00268031	0.00819316	0.0103014	0.0125705	0.00534086	0.00311646	0.00738886	0.00573402	0.00999043	0.00790463	0.0103959	0.0178817	0.0105228	0.0163949	0.0176949	0.0121693	0.00989886	0.0199284	0.0123035	0.00565969	0.00779123	
0	0	0	0	0	0	0	0	0	0	0	0	0	0	0	0	0	0	0	0	0	0	0	0	0	0	0	0	0	0	0	0	0.0190137	0.00613302	0.0187152	0.0136185	0.00940982	0.0761379	0.00968114	0.0088569	0.00521413	0.00870567	0.00522007	0.00432848	0.00225915	0.003768	0.00318486	0.00408257	0.00741161	0.00704853	0.0191155	0.0394404	0.0304557	0.0786888	0.10666	0.323832	0	0.148623	0.0740595	0.0110422	0.0164658	0.0204947	0.00179413	0.00239568	0.00791165	0.0236622	0.0108681	0.024877	0.0116952	0.0305116	0.0185942	0.00337553	0.00591667	0.0138913	0.000646957	0.00241503	0.00642766	0.00457467	0.00437995	0.00269433	0.0042507	0.00534626	0.0029223	0.00902792	0.00296741	0.00362474	0.00341571	0.0088859	0.00776145	0.0131026	0.0102719	0.0155167	0.0170456	0.0158064	0.0134593	0.022024	0.0228561	0.0311715	0.0190021	0.0118958	0.00596183	0.00618038	
0	0	0	0	0	0	0	0	0	0	0	0	0	0	0	0	0	0	0	0	0	0	0	0	0	0	0	0	0	0	0	0	0.0066723	0.00340685	0.0148206	0.0146811	0.0126776	0.00786783	0.0111876	0.00946845	0.00622136	0.00222167	0.00664118	0.00447935	0.00341928	0.00498273	0.0041192	0.00560008	0.00940847	0.00971609	0.0215445	0.0333834	0.0342986	0.0552359	0.103607	0.132391	0.171028	0	0.255465	0.110748	0.00821981	0.00281672	0.00411649	0.00190053	0.0310117	0.0814629	0.02096	0.0376954	0.0387838	0.0119244	0.0167441	0.00818126	0.0136057	0.0118894	0.000562647	0.00103494	0.00487208	0.00314227	0.00175195	0.000622832	0.00362054	0.00240385	0.00362908	0.00520804	0.00401294	0.00275461	0.00251811	0.00819359	0.0153827	0.00801652	0.00505509	0.00703012	0.00678618	0.0255103	0.0158047	0.0138236	0.0131279	0.00535582	0.0123945	0.0083385	0.0100556	0.0161064	
0	0	0	0	0	0	0	0	0	0	0	0	0	0	0	0	0	0	0	0	0	0	0	0	0	0	0	0	0	0	0	0	0.00124017	0.00442399	0.00907458	0.0136371	0.0119835	0.0143027	0.01087	0.00977486	0.00643546	0.00304605	0.00712219	0.0185446	0.00345882	0.0043515	0.00464487	0.00509271	0.00859745	0.00909903	0.0213858	0.0322602	0.0288066	0.049344	0.0617145	0.102547	0.121292	0.306459	0	0.119931	0.0352084	0.0293159	0.0168329	0.00833219	0.0217625	0.0527881	0.0192654	0.0253118	0.0508736	0.00574621	0.00892205	0.00163852	0.00552796	0.00794878	0.00284709	0.00248533	0.00278909	0.00441017	0.00574048	0.000297594	0.00127023	0.00165406	0.00351868	0.00158559	0.00281651	0.00527036	0.00223271	0.00305907	0.00605533	0.00267162	0.00687119	0.00802626	0.00691225	0.00691844	0.0136745	0.010529	0.00778547	0.0098572	0.00707442	0.002877	0.00771311	0.00910121	
0	0	0	0	0	0	0	0	0	0	0	0	0	0	0	0	0	0	0	0	0	0	0	0	0	0	0	0	0	0	0	0	0.00147319	0.00170334	0.00832546	0.0131028	0.0135028	0.0149658	0.0126098	0.0122023	0.0141757	0.00662642	0.0107379	0.0110938	0.00477444	0.00904747	0.00679304	0.00807785	0.0124256	0.0157123	0.0247244	0.0243231	0.0324121	0.0315145	0.0618553	0.0405992	0.0439296	0.1322	0.19977	0	0.176785	0.0396099	0.0416139	0.0300824	0.0125222	0.0107627	0.00745553	0.0162299	0.00832242	0.00390397	0.00547098	0.0202286	0.0196195	0.0197692	0.0153612	0.0178164	0.0246227	0.00500272	0.0125085	0.00357418	0.0031345	0.00608342	0.00787211	0.0109901	0.0107059	0.0218412	0.00573584	0.0136566	0.0103489	0.00772565	0.0110297	0.00991764	0.0105701	0.01047	0.00407479	0.00778955	0.00395825	0.00747211	0.00569167	0.0114314	0.018172	0.0150118	
0	0	0	0	0	0	0	0	0	0	0	0	0	0	0	0	0	0	0	0	0	0	0	0	0	0	0	0	0	0	0	0	0.00293739	0.000548964	0.0028402	0.00740184	0.00997723	0.0076174	0.0122947	0.0136543	0.0135919	0.0169481	0.0146591	0.0090134	0.00757466	0.0113126	0.00932664	0.0092898	0.01456	0.0194091	0.0213656	0.0154283	0.0217536	0.0161221	0.0285861	0.0130103	0.0127494	0.028811	0.0375069	0.137221	0	0.274072	0.13168	0.0616009	0.0492563	0.0102323	0.0131408	0.018702	0.00649959	0.00482572	0.027452	0.0137884	0.0120792	0.0233492	0.0169629	0.00254152	0.0067483	0.00274847	0.00604525	0.00533602	0.00439454	0.00748483	0.00892653	0.006975	0.0035783	0.00188074	0.00301625	0.00866578	0.00884436	0.00460314	0.0094802	0.00392041	0.00915082	0.00425008	0.00333523	0.00247761	0.00373094	0.00233105	0.00350186	0.00536029	0.00873603	0.0120369	
0	0	0	0	0	0	0	0	0	0	0	0	0	0	0	0	0	0	0	0	0	0	0	0	0	0	0	0	0	0	0	0	0.000401924	0.000936699	0.00477552	0.00636391	0.00820219	0.00773124	0.0114549	0.0129245	0.0172325	0.00185428	0.0135126	0.00667224	0.0110659	0.0112402	0.00879105	0.00939177	0.0142489	0.0151542	0.0182965	0.0143599	0.0183167	0.0133283	0.019099	0.0100553	0.0112436	0.0193546	0.0236493	0.0552694	0.371425	0	0.293581	0.120268	0.0402423	0.0125248	0.00978858	0.00675705	0.0213628	0.0101482	0.0175315	0.0106701	0.0318265	0.0191791	0.00800874	0.00370865	0.00705179	0.0103171	0.00724293	0.00533797	0.00980043	0.00979292	0.0263936	0.00958615	0.00475534	0.00299456	0.00264251	0.00813157	0.00527228	0.00656999	0.00965799	0.0122415	0.0117112	0.0069357	0.0111836	0.00570238	0.00166571	0.00628484	0.00449253	0.00621264	0.00979882	0.00829354	
0	0	0	0	0	0	0	0	0	0	0	0	0	0	0	0	0	0	0	0	0	0	0	0	0	0	0	0	0	0	0	0	0.00176444	0.00518056	0.00254789	0.00631973	0.00955049	0.00939795	0.0114347	0.0126887	0.0138284	0.00340466	0.0141361	0.00744309	0.0137189	0.0106988	0.0081466	0.00936467	0.013599	0.016117	0.0169312	0.0148076	0.0167175	0.0129236	0.0171831	0.00962753	0.00881874	0.0165703	0.0199832	0.0387968	0.125854	0.258087	0	0.319431	0.0828132	0.0254093	0.00941276	0.0022127	0.00340338	0.000787762	0.008534	0.00582603	0.0391625	0.0186173	0.0117815	0.00932651	0.0109435	0.00986134	0.0036196	0.00609188	0.00622496	0.00334581	0.0059392	0.00788893	0.00295854	0.00505555	0.00244365	0.00752765	0.00834677	0.00600993	0.00623605	0.0114685	0.01034	0.0149682	0.00915073	0.00650347	0.00275108	0.0024719	0.00783929	0.00499482	0.00556578	0.0104555	
0	0	0	0	0	0	0	0	0	0	0	0	0	0	0	0	0	0	0	0	0	0	0	0	0	0	0	0	0	0	0	0	0.00191609	0.000411617	0.00396009	0.00691419	0.00897657	0.00834822	0.0123592	0.0130051	0.0132005	0.010742	0.0134886	0.0088371	0.0097881	0.00984728	0.00811115	0.00867062	0.0131642	0.0146183	0.0158249	0.0129224	0.0143088	0.0130487	0.0161181	0.00942758	0.0101852	0.0148376	0.0170409	0.0287839	0.0648355	0.0895977	0.311807	0	0.178248	0.0447826	0.01021	0.00268738	0.00528998	0.0226766	0.00110933	0.00401075	0.0134386	0.0160333	0.038308	0.0157178	0.0115888	0.0111371	0.00654391	0.00423708	0.00478796	0.00303685	0.00767114	0.00723547	0.0112859	0.00593305	0.00270051	0.00403748	0.00957881	0.00633242	0.00858316	0.00680124	0.0232667	0.0175816	0.00316475	0.00208643	0.002046	0.00347187	0.00451641	0.00213819	0.00532039	0.00731217	
0	0	0	0	0	0	0	0	0	0	0	0	0	0	0	0	0	0	0	0	0	0	0	0	0	0	0	0	0	0	0	0	0.00419063	0.000794751	0.00194923	0.00846823	0.0111783	0.0108718	0.0115644	0.0125213	0.0114039	0.00273047	0.0123836	0.0077838	0.00910837	0.00891816	0.00718865	0.00825796	0.0109352	0.0132585	0.0159662	0.0109089	0.0153895	0.0104766	0.0170374	0.00752495	0.00737554	0.0130097	0.0129452	0.0268283	0.0405944	0.0401039	0.0758624	0.172383	0	0.0987471	0.0246047	0.0309236	0.0323294	0.0127559	0.0111666	0.0145409	0.0228665	0.02914	0.0139875	0.0305518	0.0139451	0.00679288	0.0122854	0.00536615	0.0120926	0.00940262	0.0110642	0.0107609	0.00745202	0.0055464	0.00247567	0.00370506	0.0048089	0.00838825	0.00259175	0.00608983	0.0101362	0.0210433	0.00292775	0.00477821	0.00528649	0.00420767	0.00663602	0.0089747	0.0124401	0.0138704	
0	0	0	0	0	0	0	0	0	0	0	0	0	0	0	0	0	0	0	0	0	0	0	0	0	0	0	0	0	0	0	0	0	0.0019321	0.00556817	0.0133506	0.0113673	0.0113527	0.0135328	0.0111783	0.00753828	0.00651713	0.00681263	0.0082056	0.00295371	0.00482595	0.00412866	0.00531645	0.00822517	0.00795476	0.0140111	0.0181206	0.0165508	0.0196828	0.0186561	0.019277	0.0205319	0.0235248	0.0269526	0.0249856	0.0210943	0.021917	0.0356965	0.056636	0.171514	0	0.223436	0.0699206	0.0329819	0.050304	0.0519984	0.0497733	0.0446533	0.0256138	0.0158918	0.00344547	0.00946666	0.00478564	0.0021981	0.00632864	0.00332512	0.0025656	0.00253389	0.00727392	0.00517011	0.00892094	0.00324118	0.00759869	0.0112798	0.00823306	0.00887887	0.0200514	0.00554797	0.0137646	0.0173174	0.00479407	0.00634741	0.00672863	0.00897924	0.0120155	0.0112897	0.0108441	
0	0	0	0	0	0	0	0	0	0	0	0	0	0	0	0	0	0	0	0	0	0	0	0	0	0	0	0	0	0	0	0	0.00560939	0.0650645	0.0184507	0.011671	0.00940938	0.00660692	0.00965613	0.00758099	0.00584587	0.0113197	0.00447053	0.00681522	0.00199681	0.00332465	0.00297683	0.00359637	0.00506536	0.0523317	0.0115503	0.0642719	0.0116928	0.0197833	0.0152003	0.0240365	0.0257209	0.0241825	0.027947	0.0173122	0.0110564	0.0115491	0.0165812	0.0250136	0.0427605	0.200049	0	0.217418	0.0930504	0.0845342	0.214841	0.0516381	0.019468	0.0404084	0.00280272	0.00454875	0.010439	0.00711596	0.00565959	0.00155102	0.00402717	0.00555116	0.00607745	0.00691211	0.00582958	0.00380323	0.00096248	0.014541	0.0117115	0.00400981	0.00365079	0.00128624	0.00251132	0.00430035	0.0162105	0.0173113	0.020225	0.0164729	0.0139664	0.0159464	0.00918811	0.00724509	
0	0	0	0	0	0	0	0	0	0	0	0	0	0	0	0	0	0	0	0	0	0	0	0	0	0	0	0	0	0	0	0	0.0199068	0.0305623	0.0079919	0.0147786	0.0123931	0.0105627	0.00867211	0.00806645	0.00631776	0.00368663	0.00540493	0.0035285	0.00385637	0.00406929	0.00424621	0.00410102	0.00540685	0.00584588	0.0110943	0.0125087	0.0123006	0.0153175	0.0149508	0.0174583	0.0167896	0.018518	0.0202381	0.0171303	0.0121538	0.0123355	0.0152105	0.0194366	0.0334237	0.0885186	0.189797	0	0.237437	0.182275	0.16285	0.154587	0.048375	0.0162557	0.00422308	0.00937022	0.007147	0.00847375	0.0022562	0.00415466	0.00587533	0.0100275	0.0018385	0.00353219	0.00504381	0.00333525	0.00388374	0.00487596	0.0178983	0.00975959	0.00970862	0.00582519	0.00348824	0.0184335	0.0360243	0.0277118	0.0143613	0.0215139	0.037181	0.0495399	0.0184241	0.00799427	
0	0	0	0	0	0	0	0	0	0	0	0	0	0	0	0	0	0	0	0	0	0	0	0	0	0	0	0	0	0	0	0	0.0101771	0.0083561	0.00907048	0.0133667	0.0112636	0.00715511	0.00751206	0.00668857	0.00594525	0.00143703	0.00482065	0.0369307	0.00211234	0.00385465	0.00378906	0.00395184	0.00486848	0.00594859	0.00936916	0.01108	0.0117543	0.0140493	0.0134927	0.0156407	0.0166204	0.0164837	0.0182052	0.015056	0.0111802	0.0110181	0.0124142	0.0150767	0.0238855	0.050759	0.0932156	0.277845	0	0.197122	0.181172	0.0859433	0.038963	0.041613	0.00483984	0.00262184	0.00456651	0.00532617	0.00789947	0.0159457	0.00211759	0.00409659	0.0058205	0.00741771	0.000218742	0.00695924	0.00255588	0.011778	0.0132585	0.0130455	0.00536398	0.00831054	0.00473066	0.011542	0.0218813	0.0207896	0.011345	0.0193228	0.0301216	0.0145499	0.00762123	0.00674603	
0	0	0	0	0	0	0	0	0	0	0	0	0	0	0	0	0	0	0	0	0	0	0	0	0	0	0	0	0	0	0	0	0.0145235	0.0114968	0.0141797	0.0112412	0.00752619	0.0063375	0.00566937	0.00492608	0.00301099	0.0483693	0.0030379	0.00902283	0.00206517	0.00190515	0.00197746	0.00254889	0.00313542	0.00335208	0.00761162	0.0100059	0.00693771	0.0146014	0.0099094	0.0231039	0.0254403	0.0166339	0.018965	0.00934291	0.00561567	0.00599938	0.00708992	0.00985059	0.0114541	0.0386458	0.0845051	0.132229	0.221122	0	0.318779	0.13414	0.0336524	0.0189461	0.00231248	0.00619381	0.00341762	0.0034154	0.00666398	0.0110864	0.00417649	0.00214584	0.00492652	0.00479516	0.00367946	0.0065318	0.00443552	0.00287539	0.0073274	0.00320192	0.00478074	0.00243181	0.00382275	0.0139635	0.0271751	0.0290991	0.0251332	0.0219904	0.0672709	0.0408658	0.0126702	0.00520361	
0	0	0	0	0	0	0	0	0	0	0	0	0	0	0	0	0	0	0	0	0	0	0	0	0	0	0	0	0	0	0	0	0.0101155	0.0164157	0.035339	0.0118939	0.00787171	0.00855366	0.00560901	0.00536805	0.0036645	0.00191772	0.00326672	0.00285951	0.00403531	0.00199441	0.00231794	0.00244843	0.00403351	0.00361128	0.00783691	0.0113852	0.00801143	0.0149924	0.0102903	0.0209515	0.0225043	0.0172115	0.0172794	0.0100765	0.00629798	0.00599487	0.00789912	0.0101062	0.0128003	0.0360217	0.113701	0.0992809	0.137836	0.303061	0	0.371653	0.0812999	0.042976	0.0104502	0.010506	0.00726167	0.00532598	0.00436582	0.0080453	0.0104858	0.0151486	0.0045514	0.00930697	0.00791469	0.00221827	0.00350059	0.00825829	0.00679096	0.016991	0.0137685	0.00679069	0.00475402	0.0114003	0.0348266	0.0390406	0.0151677	0.0250703	0.0338667	0.0379826	0.00807743	0.00681687	
0	0	0	0	0	0	0	0	0	0	0	0	0	0	0	0	0	0	0	0	0	0	0	0	0	0	0	0	0	0	0	0	0.00787928	0.00135497	0.00755229	0.0160662	0.0129024	0.00802839	0.00808995	0.00791242	0.00514216	0.00286757	0.00613755	0.00249806	0.00303236	0.00424532	0.00346881	0.00423112	0.00593786	0.00655044	0.0102091	0.0105208	0.0133336	0.0131545	0.0157358	0.0129659	0.0124434	0.0154324	0.0161179	0.0161378	0.0116463	0.0100547	0.0125037	0.0154663	0.0250187	0.0406082	0.0533781	0.130805	0.158318	0.184309	0.309023	0	0.125916	0.0224201	0.00976463	0.0111024	0.000872359	0.0105779	0.000613016	0.0065365	0.00324232	0.00755729	0.00523001	0.0113128	0.00337768	0.0021618	0.00282516	0.00800858	0.00971806	0.0153801	0.00748868	0.00384353	0.0043929	0.0228111	0.0163401	0.0128901	0.0110713	0.0118532	0.023866	0.0209156	0.00674312	0.00738933	
0	0	0	0	0	0	0	0	0	0	0	0	0	0	0	0	0	0	0	0	0	0	0	0	0	0	0	0	0	0	0	0	0.00402276	0.00110097	0.00359687	0.0105471	0.0114352	0.00778814	0.0100634	0.00951759	0.00821275	0.111676	0.00773194	0.00548375	0.00361055	0.00563296	0.0054181	0.00597098	0.0075657	0.00785607	0.0122149	0.0106869	0.0114285	0.0103599	0.0132604	0.0080047	0.0079966	0.0111648	0.0119538	0.0155146	0.0137864	0.0136848	0.0159641	0.0194761	0.0270675	0.0348709	0.0336571	0.0548041	0.0553545	0.0515098	0.0737076	0.209602	0	0.263809	0.0430846	0.0352587	0.00900261	0.00432749	0.00731113	0.017885	0.00724831	0.0155942	0.0122574	0.0112014	0.0131118	0.0157234	0.0038541	0.00875016	0.00676501	0.0191445	0.00791684	0.00901741	0.00928211	0.0157733	0.01708	0.0116538	0.0128242	0.00707649	0.0196326	0.00956537	0.0118055	0.0103487	
0	0	0	0	0	0	0	0	0	0	0	0	0	0	0	0	0	0	0	0	0	0	0	0	0	0	0	0	0	0	0	0	0.00021833	0.000535495	0.00282133	0.00724482	0.00969785	0.00981269	0.00940763	0.00996693	0.00871864	0.00990755	0.00919936	0.00893907	0.00582808	0.00682435	0.00609144	0.00639294	0.00876881	0.00926803	0.0111276	0.00906955	0.0107144	0.00857225	0.0108618	0.00688542	0.00625282	0.00816993	0.00845612	0.0129189	0.0148681	0.0140505	0.0178808	0.0185218	0.0247698	0.0255888	0.0223367	0.0302618	0.0307838	0.0257934	0.0333501	0.0679304	0.255514	0	0.112299	0.0558873	0.0401816	0.0152428	0.0132358	0.0141695	0.00585675	0.0103589	0.00519351	0.00942061	0.0128696	0.0168629	0.0126192	0.0152354	0.0168561	0.0138607	0.0173372	0.0262886	0.0133396	0.0167824	0.017443	0.00900517	0.0096701	0.00755234	0.00887202	0.0191405	0.0116328	0.0255234	
0	0	0	0	0	0	0	0	0	0	0	0	0	0	0	0	0	0	0	0	0	0	0	0	0	0	0	0	0	0	0	0	6.3963e-05	0.000464059	0.00198029	0.00489554	0.00628967	0.00686672	0.00931516	0.0102344	0.0101992	0.00225862	0.0104579	0.00608358	0.00528597	0.00742951	0.0071251	0.00737252	0.0101203	0.00950207	0.0107914	0.00824155	0.00804846	0.00708241	0.00788327	0.00525031	0.00489527	0.00657211	0.00644236	0.00993963	0.0125702	0.0141466	0.017207	0.0183133	0.0180598	0.0179394	0.0135115	0.0145066	0.0146581	0.0124633	0.0148184	0.0234387	0.0541025	0.143125	0	0.286857	0.0534618	0.0119162	0.0104012	0.0114032	0.013298	0.0310579	0.0122581	0.0159744	0.0197398	0.0138444	0.0192601	0.0175641	0.0244357	0.0165875	0.00878983	0.00903772	0.0130539	0.00587655	0.00420975	0.00212875	0.0116059	0.0040568	0.00589473	0.0026282	0.0105057	0.00833563	
0	0	0	0	0	0	0	0	0	0	0	0	0	0	0	0	0	0	0	0	0	0	0	0	0	0	0	0	0	0	0	0	0	0.000564565	0.00105663	0.00384223	0.0051497	0.00558798	0.00691131	0.0082423	0.0124401	0.00178209	0.0104624	0.00475026	0.00515126	0.00916467	0.00742749	0.00744386	0.00910164	0.00905453	0.00870167	0.00534202	0.00593604	0.00446165	0.00638272	0.00295561	0.00263282	0.00437133	0.00389202	0.0077055	0.0112439	0.0120099	0.013826	0.0143678	0.0159354	0.0100439	0.0064344	0.00851547	0.00907668	0.00610796	0.0072955	0.0140644	0.0265343	0.0567377	0.268411	0	0.11576	0.0580272	0.0248357	0.0205203	0.0125572	0.0241127	0.0293128	0.0438613	0.0250034	0.0165707	0.00729974	0.00825547	0.011579	0.00861529	0.00773371	0.0110277	0.00783217	0.0110143	0.00389896	0.00259847	0.00873083	0.00195714	0.00169572	0.00406465	0.00800221	0.0095978	
0	0	0	0	0	0	0	0	0	0	0	0	0	0	0	0	0	0	0	0	0	0	0	0	0	0	0	0	0	0	0	0	0.000255189	0.000143245	0.000511081	0.00256156	0.00369348	0.0028817	0.00537706	0.00720068	0.0105805	0.00224693	0.00967171	0.00498976	0.00538021	0.00918595	0.00658939	0.00648005	0.00839275	0.0082349	0.00657933	0.00409642	0.00490965	0.00334213	0.00508905	0.0020919	0.00199693	0.00290447	0.00292491	0.00614035	0.00962133	0.00981827	0.0110818	0.0118663	0.0129344	0.00615915	0.00387696	0.00568972	0.00527401	0.00349681	0.00513625	0.00914097	0.0152498	0.0255583	0.0541506	0.202653	0	0.350485	0.0783366	0.0389939	0.0133873	0.0308092	0.0336732	0.0526626	0.037893	0.034138	0.00184657	0.00557123	0.0112495	0.00785757	0.0113249	0.0095073	0.00990918	0.0154039	0.00610008	0.0033396	0.00781412	0.00509765	0.0026124	0.00360466	0.00500472	0.0105137	
0	0	0	0	0	0	0	0	0	0	0	0	0	0	0	0	0	0	0	0	0	0	0	0	0	0	0	0	0	0	0	0	0.000174755	0.000142999	0.000601695	0.00293692	0.0037127	0.00288141	0.00548363	0.00636203	0.00752157	0.00139458	0.00903858	0.00366951	0.00489027	0.00771867	0.00522099	0.00657006	0.00744616	0.00629375	0.00586262	0.00386076	0.00468713	0.00323557	0.00413497	0.0023685	0.00191439	0.00348679	0.00317485	0.00565276	0.00937463	0.00864936	0.00964162	0.00981035	0.00989564	0.00549513	0.00408852	0.00525409	0.005439	0.00341571	0.00439281	0.00736589	0.0126833	0.0181872	0.0322901	0.0645312	0.34141	0	0.20321	0.0681789	0.0344602	0.0596954	0.0537686	0.0523738	0.0247783	0.0489472	0.0117079	0.00554094	0.0131379	0.00833997	0.0171195	0.00867564	0.00869591	0.00576246	0.00135212	0.00387966	0.0033936	0.00443608	0.00224224	0.00479976	0.0115267	0.00992278	
0	0	0	0	0	0	0	0	0	0	0	0	0	0	0	0	0	0	0	0	0	0	0	0	0	0	0	0	0	0	0	0	0.004149	0.000257468	0.000644373	0.00212666	0.00309171	0.00569381	0.00419849	0.00480929	0.00603371	0.001397	0.00761908	0.00414299	0.0138863	0.00688264	0.00545454	0.00543052	0.00631044	0.00569165	0.00545864	0.00284481	0.00387164	0.00258166	0.00395689	0.00181164	0.00176553	0.0025521	0.00250487	0.0045351	0.00688173	0.00687252	0.00805125	0.00824664	0.00782378	0.00453301	0.00282156	0.003974	0.00427087	0.00280928	0.00375785	0.00594762	0.0088905	0.0141987	0.0217202	0.0383254	0.107142	0.182795	0	0.236172	0.123196	0.0359446	0.0431679	0.0495866	0.0325554	0.0155322	0.0212381	0.00714228	0.00396419	0.0111068	0.000950824	0.00945339	0.00334736	0.00409672	0.00341877	0.0010549	0.00170781	0.00173604	0.00442588	0.00342966	0.00863901	0.00856085	
0	0	0	0	0	0	0	0	0	0	0	0	0	0	0	0	0	0	0	0	0	0	0	0	0	0	0	0	0	0	0	0	7.08252e-05	6.36552e-05	0.00119798	0.00244471	0.00295419	0.00280656	0.00395574	0.00484737	0.00524095	0.010358	0.00631585	0.00350507	0.00335713	0.00598609	0.0051103	0.00525968	0.00584703	0.00624815	0.00585953	0.00352093	0.00402291	0.00338799	0.00382148	0.00273093	0.00210357	0.00342611	0.00405686	0.00502849	0.00659372	0.00667369	0.00749675	0.00737409	0.00729024	0.0055329	0.00386711	0.00471198	0.00483703	0.00366836	0.00440074	0.00655699	0.00884725	0.0114638	0.0162075	0.0221536	0.034374	0.0460095	0.202506	0	0.511173	0.127208	0.0651745	0.0239279	0.0148091	0.00252981	0.0060996	0.00470337	0.0077886	0.00771301	0.013446	0.00855286	0.0029555	0.00410294	0.00214465	0.00162786	0.00353054	0.00224755	0.00560933	0.0025034	0.00401648	0.00600714	
0	0	0	0	0	0	0	0	0	0	0	0	0	0	0	0	0	0	0	0	0	0	0	0	0	0	0	0	0	0	0	0	0	0.000410118	0.00313635	0.00255793	0.00330061	0.00506568	0.00413122	0.00507009	0.00477931	0.00118388	0.00661213	0.00380765	0.0042846	0.00585124	0.00490728	0.00507833	0.00604902	0.00534444	0.00582467	0.003581	0.00401204	0.00332646	0.0038987	0.00228087	0.00230662	0.00310046	0.00314929	0.00468257	0.00722629	0.00701783	0.00713091	0.00690402	0.00690856	0.00513777	0.00342177	0.00486068	0.00480948	0.00325618	0.00392682	0.00660579	0.00837748	0.010624	0.014794	0.0187676	0.0260363	0.0330526	0.0927114	0.435895	0	0.270666	0.073072	0.051336	0.0188192	0.0133851	0.0070005	0.00724096	0.00550372	0.0011365	0.0114984	0.0019391	0.00136242	0.00166803	0.00095633	0.00187788	0.00180699	0.00325682	0.00247558	0.00400609	0.00398803	0.00669209	
0	0	0	0	0	0	0	0	0	0	0	0	0	0	0	0	0	0	0	0	0	0	0	0	0	0	0	0	0	0	0	0	0.0091226	0.000211671	0.000919618	0.00174061	0.00290377	0.00233391	0.0041508	0.00481638	0.00499048	0.00469901	0.00702748	0.00522547	0.00563966	0.00654745	0.00515371	0.00550114	0.00612426	0.00569667	0.00477596	0.00270203	0.00432826	0.00290161	0.00391666	0.00177779	0.00185675	0.00280386	0.00274248	0.00444395	0.00703267	0.00744683	0.00747318	0.00726092	0.00745982	0.00394242	0.00262236	0.003992	0.00372839	0.0022837	0.0029242	0.00549649	0.00744213	0.00976025	0.0123642	0.0180113	0.0258433	0.0317479	0.0596052	0.1384	0.237407	0	0.246955	0.0645359	0.028313	0.0153899	0.002505	0.0104695	0.00781393	0.0108496	0.0160451	0.0135717	0.00856904	0.00554294	0.00461611	0.00355864	0.00166755	0.00408852	0.00349588	0.00455894	0.00350451	0.00916748	
0	0	0	0	0	0	0	0	0	0	0	0	0	0	0	0	0	0	0	0	0	0	0	0	0	0	0	0	0	0	0	0	0	0.000232158	0.000653899	0.00196523	0.00295017	0.002184	0.0038917	0.00468674	0.00611725	0.00421877	0.00771973	0.00843075	0.00888788	0.00698576	0.00493671	0.0051797	0.00651388	0.00682389	0.00445034	0.00300357	0.00316611	0.00251592	0.00367657	0.00143215	0.00151644	0.0023174	0.00225645	0.00448925	0.00738964	0.00681633	0.00736691	0.00761877	0.00765131	0.00394748	0.00281263	0.00321555	0.00354796	0.00240985	0.00258542	0.00482469	0.00722461	0.00894993	0.0130418	0.0199604	0.0290813	0.0297193	0.0439034	0.0615709	0.0789255	0.250874	0	0.245921	0.0677859	0.0506678	0.0186736	0.0133369	0.0148897	0.017287	0.00840941	0.00894726	0.0020375	0.0104378	0.00769129	0.00261785	0.00483846	0.000746015	0.00403309	0.0055653	0.00629076	0.00858348	
0	0	0	0	0	0	0	0	0	0	0	0	0	0	0	0	0	0	0	0	0	0	0	0	0	0	0	0	0	0	0	0	6.36925e-05	0.000403269	0.000525317	0.00257374	0.00358305	0.00263919	0.00454556	0.00602256	0.00743757	0.00126256	0.00876178	0.00535421	0.0044899	0.00835113	0.00659854	0.00698833	0.00703378	0.00685657	0.00649433	0.00290394	0.0046467	0.00280175	0.00437638	0.00200008	0.00172759	0.00262937	0.00294477	0.0052697	0.00870347	0.00866175	0.00855755	0.00856455	0.00864591	0.00403442	0.00266669	0.00399667	0.0034634	0.00249316	0.00266006	0.00562676	0.007882	0.0107576	0.0145063	0.0213376	0.0277958	0.026847	0.0338215	0.0339836	0.0375264	0.0758206	0.249457	0	0.265722	0.0905094	0.0495419	0.0261337	0.0161435	0.0110243	0.00795999	0.00945328	0.00406234	0.0150045	0.0114465	0.00449661	0.00519803	0.00470326	0.00857361	0.00276883	0.0092699	0.012442	
0	0	0	0	0	0	0	0	0	0	0	0	0	0	0	0	0	0	0	0	0	0	0	0	0	0	0	0	0	0	0	0	0	0.000131521	0.000588373	0.0026654	0.00370169	0.00418798	0.00502266	0.00572008	0.00744059	0.0014682	0.00874597	0.00425983	0.00523618	0.00818801	0.00623326	0.00694778	0.00703195	0.00732571	0.00538286	0.00348208	0.00455011	0.0029584	0.00451941	0.00186037	0.00175125	0.00299958	0.00284453	0.00525076	0.00767595	0.00798872	0.00814391	0.00812699	0.00869736	0.00458638	0.00274798	0.00401133	0.00429729	0.00245088	0.00291171	0.00603968	0.00873973	0.0109081	0.0141944	0.0187841	0.0211195	0.0202585	0.0218115	0.020097	0.0208403	0.0322943	0.0584141	0.281435	0	0.253107	0.0939775	0.0439658	0.0313553	0.0397408	0.0249504	0.00615288	0.00858323	0.0131735	0.00672924	0.00601935	0.0019254	0.00316066	0.00179246	0.00234275	0.0100298	0.0210313	
0	0	0	0	0	0	0	0	0	0	0	0	0	0	0	0	0	0	0	0	0	0	0	0	0	0	0	0	0	0	0	0	9.14742e-05	0.000255281	0.000618433	0.00338856	0.00500673	0.0128739	0.00599432	0.00641364	0.00834857	0.00337057	0.00872403	0.0704361	0.00568178	0.00859165	0.00643709	0.00676962	0.00793567	0.00884272	0.00748265	0.00365439	0.0063106	0.00364217	0.00567794	0.00219874	0.00214797	0.00329517	0.0034137	0.00669877	0.00928463	0.00912457	0.00928958	0.0090468	0.00989949	0.005352	0.00347617	0.00489789	0.00490615	0.00252849	0.00311885	0.006231	0.00925007	0.0117993	0.0151187	0.0180648	0.018781	0.0175704	0.0190689	0.0168891	0.0172611	0.025117	0.0372561	0.103107	0.322302	0	0.459874	0.140189	0.0536017	0.0376391	0.0429518	0.0218179	0.0335738	0.0147888	0.00664396	0.00499677	0.00400634	0.00260201	0.00305196	0.00791776	0.0161389	0.0172559	
0	0	0	0	0	0	0	0	0	0	0	0	0	0	0	0	0	0	0	0	0	0	0	0	0	0	0	0	0	0	0	0	0	0.000615168	0.00112428	0.00518498	0.00679347	0.00582378	0.00800652	0.00958516	0.00966034	0.00184145	0.00998637	0.0058255	0.00676172	0.00869599	0.00657345	0.00751983	0.00950228	0.0106651	0.0100616	0.00605345	0.00820118	0.00509543	0.0079777	0.00327361	0.00357594	0.004616	0.00496519	0.00893481	0.0113509	0.00991777	0.0108108	0.0100706	0.0120062	0.00735336	0.00443494	0.00701429	0.00645029	0.00383981	0.00445964	0.00895113	0.0128416	0.0138481	0.0167505	0.0177832	0.016496	0.0175511	0.0157328	0.0151793	0.0164204	0.0201127	0.0276848	0.0502442	0.0944789	0.429343	0	0.182298	0.101358	0.0485372	0.0705075	0.0296169	0.0120126	0.0102431	0.00389024	0.00660995	0.00375997	0.0040001	0.00454882	0.00322054	0.0130867	0.00766269	
0	0	0	0	0	0	0	0	0	0	0	0	0	0	0	0	0	0	0	0	0	0	0	0	0	0	0	0	0	0	0	0	0.000908304	0.00155392	0.00296448	0.00576667	0.00654504	0.00513742	0.0105046	0.00979519	0.00893928	0.00174959	0.00819884	0.0364031	0.0039875	0.0052533	0.00478732	0.00510672	0.00868163	0.0068647	0.00963766	0.0121967	0.00885215	0.0111862	0.0079761	0.00953956	0.00884958	0.00962251	0.0105433	0.00824278	0.00833612	0.00856975	0.00887246	0.00977511	0.00798614	0.013177	0.0126927	0.0108943	0.00969054	0.0110221	0.0107171	0.0107012	0.013373	0.0131412	0.0176079	0.0108387	0.00983469	0.00992556	0.00814586	0.0115878	0.0119494	0.0109423	0.0121038	0.0183434	0.0308311	0.0744376	0.195039	0	0.317978	0.165935	0.114324	0.0359574	0.0110953	0.0106301	0.0136384	0.00556553	0.00625442	0.00601729	0.00535554	0.00803424	0.0146581	0.0141927	
0	0	0	0	0	0	0	0	0	0	0	0	0	0	0	0	0	0	0	0	0	0	0	0	0	0	0	0	0	0	0	0	0.00306993	0.0067627	0.00304243	0.00629632	0.00740492	0.00530498	0.0105235	0.0107998	0.0116943	0.00411734	0.00857474	0.00980161	0.0043463	0.00602257	0.00581439	0.00609668	0.00832739	0.00757982	0.0102063	0.0101245	0.00943582	0.0100672	0.00855338	0.00706918	0.00745264	0.00827304	0.00876677	0.00954217	0.00864269	0.00918874	0.0101493	0.0100931	0.010828	0.0124652	0.0103933	0.0105365	0.00916646	0.00820189	0.00893093	0.0116476	0.0131887	0.013851	0.0163895	0.0118544	0.00993205	0.00957091	0.00907822	0.0100598	0.0100625	0.00996828	0.0111614	0.0164048	0.023326	0.0432391	0.0903383	0.303273	0	0.309725	0.0726527	0.040529	0.0264424	0.0157808	0.0117024	0.0136646	0.00718684	0.00426166	0.00766399	0.00544914	0.0113374	0.0131615	
0	0	0	0	0	0	0	0	0	0	0	0	0	0	0	0	0	0	0	0	0	0	0	0	0	0	0	0	0	0	0	0	0.00257112	0.00866249	0.00408361	0.00647291	0.00681014	0.00639342	0.0106966	0.00967466	0.0072001	0.00225531	0.00753563	0.0178146	0.0225434	0.00488371	0.0051928	0.00494955	0.00787819	0.00642974	0.0101705	0.0120964	0.00830231	0.0115228	0.00763496	0.0101914	0.0101007	0.00918857	0.0107931	0.00803844	0.00752278	0.00770557	0.0083047	0.00966173	0.00779106	0.0140618	0.0136175	0.0107721	0.0099574	0.0107754	0.0109005	0.0107462	0.0123981	0.0119133	0.0152593	0.00984432	0.00771212	0.00769727	0.00654254	0.00838909	0.00816936	0.00816	0.00817821	0.0114753	0.0161268	0.0260429	0.0513519	0.167289	0.3232	0	0.179835	0.0385147	0.066946	0.0330557	0.0154014	0.0365454	0.00878607	0.011085	0.010458	0.0165011	0.0111947	0.0112486	
0	0	0	0	0	0	0	0	0	0	0	0	0	0	0	0	0	0	0	0	0	0	0	0	0	0	0	0	0	0	0	0	0.0286794	0.00345212	0.00519391	0.00741503	0.00784243	0.017079	0.0115354	0.00981563	0.0071085	0.00371656	0.00822113	0.00651943	0.00331231	0.00526864	0.00525955	0.00454931	0.0075049	0.00684041	0.0100086	0.0130346	0.00952028	0.0120542	0.00893523	0.0102086	0.00997198	0.0102219	0.0112611	0.00824553	0.00763491	0.00810662	0.00842502	0.00930623	0.00852489	0.0141661	0.0137712	0.0112589	0.0100703	0.0112892	0.0113634	0.0103708	0.0129771	0.0117683	0.0145334	0.00924199	0.0069887	0.00675228	0.00565811	0.00731152	0.00778183	0.00679706	0.00699432	0.00922522	0.0125013	0.0188273	0.0352654	0.0994963	0.118475	0.224317	0	0.208037	0.10427	0.0526459	0.034112	0.0206401	0.0222639	0.010884	0.017431	0.011182	0.0162074	0.0137	
0	0	0	0	0	0	0	0	0	0	0	0	0	0	0	0	0	0	0	0	0	0	0	0	0	0	0	0	0	0	0	0	0.000404626	0.000983528	0.00347749	0.00804566	0.00925088	0.00929664	0.0105562	0.0105781	0.00839512	0.0265281	0.00847741	0.00493571	0.00394968	0.00577646	0.00459616	0.00556648	0.00773803	0.00746369	0.0104606	0.00963202	0.00953395	0.00932692	0.00984534	0.00718928	0.00680609	0.00837978	0.00896861	0.00997156	0.00937174	0.00900978	0.00994558	0.0102894	0.0106103	0.0119083	0.0099046	0.00993713	0.00903222	0.00678151	0.00849427	0.0105214	0.0129879	0.01308	0.0136226	0.00941766	0.00811694	0.00828552	0.00691523	0.00727452	0.00753935	0.00774134	0.00760729	0.0101162	0.0133463	0.0188886	0.0303506	0.0519703	0.0626713	0.0835663	0.280169	0	0.302738	0.077904	0.0229322	0.017225	0.00926685	0.0103587	0.0183547	0.0160937	0.0234897	0.0150279	
0	0	0	0	0	0	0	0	0	0	0	0	0	0	0	0	0	0	0	0	0	0	0	0	0	0	0	0	0	0	0	0	0.000234453	0.000695357	0.0024509	0.00891791	0.0101193	0.00937252	0.0109885	0.010935	0.00919747	0.00567242	0.00825284	0.00653537	0.00593727	0.00610318	0.00468172	0.00573635	0.00747423	0.00718502	0.00964073	0.00947669	0.00886794	0.00844725	0.00983028	0.00654456	0.00585667	0.00739969	0.00658267	0.009457	0.00935164	0.00853309	0.00967545	0.0100001	0.0102346	0.0116823	0.0090338	0.00940624	0.00796007	0.00588132	0.00677575	0.0107862	0.0123149	0.0112819	0.0120026	0.00930672	0.0071903	0.00721611	0.00624435	0.00641529	0.00603896	0.00688593	0.0066857	0.00850654	0.0107232	0.0149969	0.0241612	0.034886	0.0404703	0.050064	0.110981	0.278877	0	0.175308	0.0355054	0.0403563	0.0130196	0.0264118	0.0200558	0.0284301	0.0273255	0.0203794	
0	0	0	0	0	0	0	0	0	0	0	0	0	0	0	0	0	0	0	0	0	0	0	0	0	0	0	0	0	0	0	0	0.00462966	0.00116805	0.00416514	0.0131676	0.0134449	0.0117384	0.0117132	0.0104759	0.0107062	0.00833996	0.00870309	0.0071019	0.00494213	0.00611608	0.00475391	0.00539034	0.00711865	0.00727718	0.0108109	0.00894336	0.0101222	0.00882221	0.0116201	0.00666606	0.00629155	0.00827003	0.00806629	0.0115909	0.0105004	0.00903459	0.00974566	0.00997706	0.0118251	0.0118703	0.00902434	0.0104346	0.00946864	0.00625495	0.00781851	0.0130488	0.0146177	0.0131263	0.0105532	0.00911376	0.00788413	0.00666831	0.00621088	0.00631707	0.00554069	0.00612403	0.00712122	0.00830706	0.00985225	0.0133677	0.0195907	0.0216004	0.026466	0.0268617	0.0477148	0.0973186	0.210551	0	0.191481	0.0358685	0.0756689	0.0224906	0.0383	0.044727	0.0474721	0.0313299	
0	0	0	0	0	0	0	0	0	0	0	0	0	0	0	0	0	0	0	0	0	0	0	0	0	0	0	0	0	0	0	0	0.0716701	0.0613188	0.0119757	0.0186453	0.0137557	0.0083118	0.0101942	0.00817292	0.00928502	0.00372416	0.00465742	0.0077082	0.00236308	0.00305052	0.00294393	0.00309868	0.00445088	0.00449546	0.00818071	0.0105741	0.00964321	0.0129531	0.0124896	0.0143219	0.0147801	0.0139355	0.0141735	0.0107197	0.00621982	0.0055586	0.00619284	0.00670658	0.0069514	0.0146691	0.015704	0.0148287	0.0137338	0.0152632	0.0161671	0.0171307	0.0128116	0.00975631	0.0073228	0.00467348	0.0036393	0.0032295	0.00260798	0.0031633	0.00295655	0.00323604	0.00336392	0.00358547	0.00484804	0.00554406	0.00821497	0.0168247	0.0160929	0.0213211	0.0313026	0.0361544	0.0484728	0.166051	0	0.241998	0.205778	0.193741	0.082604	0.119402	0.0409963	0.0242735	
0	0	0	0	0	0	0	0	0	0	0	0	0	0	0	0	0	0	0	0	0	0	0	0	0	0	0	0	0	0	0	0	0.0177828	0.0279152	0.050615	0.0111676	0.00641843	0.0149746	0.0047155	0.0034709	0.00234023	0.0105668	0.00209875	0.00205406	0.000763019	0.00124293	0.00128269	0.00142717	0.00222299	0.00173249	0.00445857	0.00693801	0.00470866	0.0100373	0.00621148	0.0170199	0.020602	0.0104276	0.0116678	0.00467645	0.00260704	0.00235616	0.002746	0.00367142	0.00287357	0.00909167	0.0127375	0.0112794	0.013192	0.0213447	0.0195494	0.0106216	0.00575987	0.00424834	0.00359656	0.0018531	0.00166616	0.00179577	0.0014176	0.00194385	0.00174667	0.00165714	0.00174176	0.00192548	0.00221154	0.00271047	0.0037647	0.0113679	0.00958506	0.0150322	0.0199794	0.0155963	0.0173138	0.0427562	0.187968	0	0.311878	0.386027	0.214928	0.0868356	0.0259308	0.00698498	
0	0	0	0	0	0	0	0	0	0	0	0	0	0	0	0	0	0	0	0	0	0	0	0	0	0	0	0	0	0	0	0	0.0250731	0.00540949	0.0173198	0.0157607	0.0102529	0.00863748	0.00634768	0.0052431	0.00445331	0.00976276	0.00287772	0.00270503	0.00115806	0.00176284	0.00175067	0.00180768	0.00283871	0.00260451	0.00525281	0.0079109	0.00665788	0.0112083	0.00938332	0.0157239	0.0164279	0.0125596	0.0122972	0.00740206	0.00344717	0.00377332	0.00411842	0.00448864	0.00450326	0.0109015	0.0136593	0.0133816	0.0141959	0.0183082	0.0190776	0.0149204	0.00922539	0.00582569	0.00501814	0.00284347	0.00235277	0.00241103	0.002039	0.00260738	0.00208011	0.00199264	0.00238722	0.00237949	0.00306316	0.00323309	0.00498483	0.0123016	0.0105754	0.0152957	0.021039	0.019383	0.0222178	0.0561137	0.155672	0.292093	0	0.212615	0.120142	0.0796397	0.0380832	0.011213	
0	0	0	0	0	0	0	0	0	0	0	0	0	0	0	0	0	0	0	0	0	0	0	0	0	0	0	0	0	0	0	0	0.0526859	0.0584037	0.0253599	0.0103355	0.00564435	0.00258766	0.0041844	0.00316634	0.00248046	0.0180108	0.00154929	0.00819954	0.000543253	0.00100386	0.000767888	0.00108681	0.00172172	0.00157267	0.00339856	0.00642961	0.0037529	0.0089513	0.00535574	0.0154539	0.0196148	0.0099421	0.010625	0.00425978	0.00200999	0.00218739	0.00237041	0.00268655	0.00234484	0.00717353	0.012053	0.00934502	0.0129017	0.0208156	0.0183032	0.00909027	0.00470193	0.00379576	0.00302572	0.00161765	0.00150938	0.00170596	0.0013318	0.0016251	0.00154795	0.00132709	0.00131583	0.00146417	0.00163204	0.00198567	0.00264214	0.00975101	0.00781007	0.0124454	0.016375	0.0127103	0.0128704	0.0304781	0.125896	0.269605	0.258839	0	0.297075	0.161196	0.0209162	0.0119615	
0	0	0	0	0	0	0	0	0	0	0	0	0	0	0	0	0	0	0	0	0	0	0	0	0	0	0	0	0	0	0	0	0.0639934	0.00798541	0.0517914	0.00954574	0.0063436	0.00496012	0.00439994	0.00359561	0.0033699	0.0475575	0.00141966	0.00384059	0.000488766	0.00105655	0.000944978	0.00116418	0.0018349	0.00163767	0.003963	0.00738576	0.00425223	0.0103538	0.00608556	0.0177667	0.0222804	0.0108354	0.011331	0.00460668	0.00256926	0.00267284	0.00257666	0.00286161	0.00250887	0.00868586	0.0137846	0.0111131	0.0131929	0.0222158	0.0190723	0.0101939	0.00579864	0.00430278	0.00339937	0.00165647	0.00152056	0.00161306	0.00134193	0.00181041	0.0016307	0.00127124	0.0014467	0.0014962	0.00179925	0.00204244	0.00338954	0.0104843	0.00814094	0.0134315	0.0177272	0.0125814	0.0124388	0.0239952	0.0874913	0.167312	0.132216	0.300603	0	0.242003	0.04831	0.02115	
0	0	0	0	0	0	0	0	0	0	0	0	0	0	0	0	0	0	0	0	0	0	0	0	0	0	0	0	0	0	0	0	0.0234157	0.0177803	0.0138416	0.0146521	0.010506	0.0075522	0.00863582	0.00683722	0.00686101	0.00510607	0.00392847	0.00501343	0.00142434	0.00231155	0.00180139	0.0023655	0.00427155	0.00371556	0.00697914	0.00956791	0.00781526	0.0124376	0.010324	0.0150442	0.0162979	0.0123138	0.0133605	0.00883851	0.00497641	0.00509555	0.00516063	0.00592353	0.00558605	0.0127426	0.015153	0.0128814	0.0122806	0.0159137	0.0173227	0.0145734	0.010001	0.00807233	0.00583609	0.00384242	0.00278273	0.00262515	0.00197851	0.00242324	0.00253688	0.00239316	0.00219738	0.00260874	0.00297879	0.00396856	0.00627437	0.0140043	0.0123503	0.0165859	0.0219609	0.0193178	0.0212651	0.0403066	0.086915	0.102811	0.111286	0.153586	0.279548	0	0.158331	0.064608	
0	0	0	0	0	0	0	0	0	0	0	0	0	0	0	0	0	0	0	0	0	0	0	0	0	0	0	0	0	0	0	0	0.000985833	0.00114362	0.00346182	0.0125932	0.0119225	0.0159881	0.0109187	0.00871796	0.00893195	0.0194143	0.00735782	0.00406765	0.00375811	0.00446922	0.00393787	0.00441192	0.00603886	0.00619654	0.00824671	0.00665586	0.00907698	0.00644951	0.0108762	0.00518421	0.00459477	0.00733776	0.006427	0.0106085	0.00915942	0.0078202	0.00865458	0.00897214	0.010906	0.00884177	0.00630494	0.00851645	0.00753072	0.00523983	0.00642878	0.0114059	0.0123385	0.0114216	0.00875825	0.00878253	0.00693915	0.00574808	0.00588321	0.00433469	0.0035938	0.00428394	0.00484008	0.0067311	0.00781139	0.00968878	0.0121279	0.0100656	0.0134681	0.0120929	0.0142765	0.021108	0.0242274	0.0500279	0.0401658	0.0236932	0.0399003	0.0284363	0.0428492	0.165017	0	0.243124	
0	0	0	0	0	0	0	0	0	0	0	0	0	0	0	0	0	0	0	0	0	0	0	0	0	0	0	0	0	0	0	0	0	0.00425214	0.0187256	0.00768275	0.00895629	0.00787232	0.00807275	0.00889284	0.00848705	0.0165489	0.00948014	0.0428635	0.00420261	0.00562231	0.00540833	0.00513627	0.00621611	0.00637698	0.00760856	0.0051732	0.00660987	0.00362064	0.00805695	0.00341002	0.00316163	0.00442568	0.00445578	0.00747731	0.00819856	0.00697759	0.00798037	0.0077418	0.00934786	0.00587577	0.00531928	0.00520244	0.00480105	0.00295386	0.00371531	0.0073109	0.00869903	0.00963618	0.0114241	0.00885993	0.0084639	0.00756325	0.00702986	0.00508037	0.00607167	0.00571613	0.00598134	0.00782469	0.00944398	0.0109867	0.0109168	0.00857619	0.0106708	0.00937907	0.0106598	0.0167832	0.0192581	0.0262641	0.0169802	0.00835242	0.015398	0.00926745	0.0161484	0.0413303	0.244458	0	
