0	18.4	-11.34	5.74
0	18.4884	-11.1395	6.60465
0	12.3529	-10.5294	4.58824
0	11.5846	-10.0462	3.13846
0	11.08	-9.98	4.78
0	13.9722	-10.3611	6.69444
0	13.6	-10.34	6.86
0	15.2632	-6.6579	7.55263
0	13.8	-3.75555	11.5556
0	14.1944	-2.41667	11.2778
0	16.7609	-5.30435	9.80435
0	14.8846	-5.57692	11.3077
0	11.5472	-4.79245	13.6604
0	8.41935	-5.35484	17.1935
0	9.12766	-2.65957	20
0	7.55172	-2.13793	18.931
0	6	-3.14035	14.8596
0	4.4	-5.64	10.52
0	8.10526	-8.3421	6.5
0	11.5897	-7.5641	3.35897
0	13.7541	-8.67213	1.27869
0	12.1	-8.18	1.36
0	15.325	-6.725	2.3
0	18.0278	-8.20833	0.319445
0	17.7627	-6.61017	-0.237288
0	17.5588	-7.5	-2.70588
0	15	-4.35294	-1.64706
0	12.8621	-3.72414	-0.241379
0	12.0159	-6.01587	-0.0317459
0	7.62	-7.98	2.96
0	5.63158	-10.2895	7.23684
0	3.76667	-6.61667	9.38333
0	1.49296	-7.28169	6.32394
0	2.07143	-7.57143	6.78571
0	4.74074	-4.77778	8.03704
0	9.11594	-3.49275	8.89855
0	10.1406	-7.67188	11.875
0	12.1346	-10.1731	11.3462
0	9.15152	-11.2121	12.6061
0	8.46	-8.36	7.58
0	7.07407	-7.14815	8.37037
0	8.09259	-8.18518	8.35185
0	5.67347	-3.57143	12.2245
0	-0.285714	-9.42857	13.4286
0	0.630769	-13.6	13.8
0	2.14062	-14.3594	11.75
0	-0.967742	-11.2581	13.5161
0	0.326087	-6.73913	18.2391
0	0.350878	-3.87719	17.5614
0	0.82	-3.24	15.98
0	-4.61539	-3.71795	10.5385
0	-5.3	-3.46	12.32
0	-3.9836	-3.54099	11.2951
0	-3.37931	-7.65517	7.7931
0	-1.44444	-6.61111	6.88889
0	1.61765	-7.76471	6.55882
0	3.73077	-5.11538	4.38462
0	-2.69048	-3.73809	4.42857
0	-1.62295	-3.19672	5.34426
0	-1.12	-5.46	3.02
0	0.54	-4.5	-0.64
0	-3.38983	-4.22034	4.8983
0	-2.36923	-7.58462	8.29231
0	-2.72	-9.9	7.5
0	-3.05797	-9.08696	6.31884
0	-5.82353	-8.23529	7
0	-3.72222	-10.3611	6.13889
0	-2.21875	-6.60938	10.0469
0	-5.66	-4.86	4
0	-3.62222	-2.57778	5.04444
0	-9.40298	-6.85075	7.50746
0	-10.84	-4.84	6.36
0	-9.86792	-3.9434	7.92453
0	-14	-7.76087	4.71739
0	-13.86	-7.02	4.28
0	-7.9	-5.6	2.7
0	-8.98	0.16	2.14
0	-8.41667	2	1.63889
0	-9.06	-1.06	1.08
0	-10.6667	-2.07246	1.81159
0	-13.9388	-3.53061	1.30612
0	-13.3226	-0.741936	5.93549
0	-13.34	-0.299999	6.48
0	-10.78	1.4	6.62
0	-12.4	2.58	9.82
0	-9.24	1.38	9.58
0	-8.61539	1.46154	9.69231
0	-8.36667	2.66667	7.7
0	-12.125	7.01389	6.27778
0	-10.5069	8.10959	2.56164
0	-10.8846	5.30769	0.884615
0	-11.5441	3.30882	0.352942
0	-12.2931	3.36207	-0.103448
0	-16.6438	3.05479	-3.67123
0	-18.1739	1.52174	-4.47826
0	-18.8065	1.93548	-7
0	-19.0312	2.6875	-5.53125
0	-18.194	4.10448	-7.55224
0	-13.98	3.66	-4.32
0	-13.46	3.52	-2.7
0	-11	2.8	-5.52
0	-13.88	5.24	-4
0	-14.0816	5.71429	-2.81633
0	-11.5932	-0.135593	-4.54237
0	-13.2667	-1.43333	-2.83333
0	-13.1781	-4.56164	-2.61644
0	-11.25	-3.05	-6.1
0	-7.22	-4.36	-7.22
0	-8.5	-2.94	-8.76
0	-8.24	-4.52	-6.48
0	-8.64	-3.96	-6.68
0	-9.26667	-4.21667	-6.05
0	-4.42857	-3.48571	-10.7143
0	0.128571	-2.01429	-9.05714
0	3.26154	-2.18462	-5.53846
0	-0.090909	-10.3333	-4.87879
0	-0.416667	-6.5	-3.88333
0	1.95	-5.6	-5.2
0	0.823529	-8.52941	-5.11765
0	0.0799999	-8.96	-7.04
0	0.880952	-9.61905	-7.2619
0	0.671875	-8.67188	-10.9375
0	1.97297	-8.72973	-9.67568
0	-0.319149	-10.8936	-7.80851
0	-4.92	-13.36	-5.48
0	-4.4	-10.74	-7.26
0	-6.44	-6.9	-4.94
0	-7	-7.88	-5
0	-8.9	-6.14	-1.4
0	-6.96	-4	0.44
0	-7.32	-2.64	0.44
0	-6.28	-2.62	-0.14
0	-9.18	-2.3	-1
0	-10.08	-1.22	-2.94
0	-7.52	-0.94	-4.66
0	-3.32	2.2	-1.52
0	-1.74	-0.940001	-4.68
0	-6.08	1.3	-5.98
0	-6.02	-1.06	-2.44
0	-4.32	-1.64	-2.48
0	-5.02	-6.42	-5
0	-6.8	-5.96	-2.76
0	-6.44	-8.56	-7.48
0	-7.9	-10.08	-11.26
0	-14.2063	-15.9683	-10.3651
0	-13.4286	-17.9643	-13.1786
0	-11.971	-15.3188	-16.5942
0	-8.58621	-11.7414	-17.6724
0	-5.34286	-13.5143	-17.3714
0	-3.58462	-10.3077	-15.0308
0	-5.90196	-4.45098	-16.6667
0	-2.95522	-6.79104	-13.4478
0	0.924528	-9.15094	-16.5283
0	-0.05	-10.9833	-15.8667
0	1.66667	-12.5294	-13.3725
0	3.70732	-10.0732	-16.1707
0	4.56818	-8.31818	-13.25
0	4.52632	-4.15789	-12.2632
0	6.18966	0.155172	-11.8276
0	6.125	-0.25	-12
0	4.5	1.5	-13.2083
0	4.71212	0.015152	-9.93939
0	5.95522	-1.20896	-8.47761
0	6.7963	1.87037	-5.22222
0	2.52	-0.0799999	-3.8
0	2.36	2.28	-0.68
0	3.12245	3.22449	3.04082
0	4.8	4.33334	2
0	5.35556	5.71111	3.77778
0	4.90625	4.23438	3.92188
0	6.52	5.08	1.28
0	2.93443	9.4918	-0.918033
0	2.21053	13.1579	-9.4386
0	2.64865	12.8378	-8.64865
0	6.10204	16.8163	-11.0816
0	5.14634	15.0732	-10.4634
0	4.51852	17.8519	-8.92593
0	6.17857	17.8929	-8.57143
0	6.82	17.78	-7.24001
0	5	21.7222	-3.57407
0	1.86207	18.6552	-4.03448
0	-2	19.8281	-5.20312
0	-3.15152	17.0606	-5.84848
0	3.62857	18.1429	-12.8571
0	2.66129	16.0484	-13.9677
0	0.98	16	-12.62
0	-0.307692	14.6154	-14.3846
0	4.14286	15.4762	-9.2381
0	4.53846	16.6923	-10.0769
0	1.0303	14.9697	-9.09091
0	1.90323	13.1935	-10.129
0	1.68	10.28	-9.32
0	-0.3	8.88	-11.14
0	-1.3	8.96	-12.18
0	-4.58	4.82	-13.6
0	-6.67123	2.0274	-11.9041
0	-4.06667	2.3	-10.7
0	-5.6	4.3	-7.58
0	-9.08	4.92	-8
0	-8.82353	3.4902	-7.13725
0	-6.77419	3.19355	-4.80645
0	-5.58823	4.80882	-0.338234
0	-5.29412	5.61765	0.147057
0	-4.38095	6.61905	1.7619
0	-1.875	7.375	1.375
0	-3.29545	6.68182	6.34091
0	-1.43243	5.51351	9.81081
0	0.395349	4.34884	10.5116
0	-0.0238113	6.33334	10.7381
0	-0.49091	6.56364	9.52727
0	2.58571	8.74286	11.6714
0	-1.69231	11.6923	12.2308
0	-3.43077	14.9846	6.63077
0	-4.96	15.28	4.68
0	-4.82759	14.8966	4.68965
0	-5.54	15.2	3.86
0	-4.68571	17.6857	5.17143
0	-4.53623	16.8551	2.23188
0	-2.9	18.3	-0.4
0	-0.833333	18.4667	0.433333
0	3.04225	18.2394	-0.802817
0	2.46	18.24	1.82
0	5.18	16.74	3.88
0	1.37931	14.5172	0.310345
0	2.28	13.18	0.779999
0	0.724138	11.8621	-0.103447
0	-0.0408163	7.57143	5.16327
0	2.19355	9.96774	5.96774
0	2.41538	10.2615	6.09231
0	4.87755	12.6122	1.36735
0	1.98387	11.7097	3.8871
0	0.428572	6.39286	7.03571
0	2.67647	6.48529	8.27941
0	3.97727	6.34091	8.95455
0	5.95455	8.06818	3.70455
0	5.86	10.16	0.98
0	8.42424	6.81818	-1.72727
0	9.81818	3.09091	-5.63636
0	8.86	1.78	-6.2
0	9.21212	3.78788	-4.09091
0	9.96667	5.06667	-3.3
0	9.52	5.78	-2.66
0	10.3226	2.41935	-5.19355
0	11.3	1.2	-6.35
0	12.6389	-0.194444	-8.33333
0	16.74	3.7	-3.28
0	17.2817	2.6338	-2.87324
0	14.1918	5.47945	-4.76712
0	17.9615	8.23077	-0.961538
0	16.4697	8.34848	-0.818182
0	14.7719	7.70175	-3.5614
0	11.1667	8.53333	-2.96667
0	9.88889	8.34722	-3.65278
0	10.36	7.92	-6.04
0	13.58	10.76	-6.14
0	12.6552	10.1724	-7.17242
