0 0 0.10017 0.0742918 0.0626362 0.0458459 0.0371712 0.0397003 0.0371307 0.0380599 0.0373029 0.0317027 0.0300105 0.0282143 0.0257537 0.0233149 0.0201771 0.0220277 0.021727 0.0193432 0.019658 0.0202631 0.0226708 0.0217726 0.0224665 0.0227694 0.0238116 0.0267503 0.0256873 0.023706 0.0210247 0.0246224 0.0229983 0.0192276 0.0170791 0.0179196 0.0212571 0.018221 0.0199029 0.01896 0.0196026 0.017929 0.018038 0.0156769 0.0150191 0.0190231 0.0171938 0 0 0 0 
0 0 0 0.0941684 0.0667775 0.0528651 0.0443496 0.039574 0.041422 0.0415542 0.0389412 0.0362575 0.0326917 0.0280687 0.0302315 0.0248652 0.0235151 0.0264409 0.0222627 0.0224459 0.0205512 0.0227471 0.0247819 0.0216154 0.0252041 0.0246633 0.0259983 0.0294155 0.0265969 0.0250075 0.022463 0.0232625 0.0216945 0.0222514 0.0184314 0.0193926 0.0202673 0.0200417 0.0200114 0.0195575 0.0203557 0.0200736 0.0183528 0.0156732 0.016903 0.018465 0.0180655 0 0 0 0 
0.0376068 0 0 0 0.0964773 0.0625505 0.0473111 0.0430929 0.0432226 0.0452689 0.0455177 0.0397841 0.0311215 0.0360438 0.030075 0.0250699 0.0256736 0.0288559 0.0251689 0.025106 0.0241618 0.02492 0.0250309 0.0239796 0.0279733 0.0295216 0.0265646 0.0281533 0.0298428 0.0250666 0.0267832 0.0281319 0.0287867 0.0238713 0.0226007 0.0223109 0.0224751 0.024179 0.0229583 0.0251001 0.0198673 0.0201626 0.0187282 0.019885 0.0186722 0.0152953 0.0165956 0 0 0 0 
0.0295676 0.0407811 0 0 0 0.077943 0.0591486 0.0475093 0.0447007 0.0497673 0.0531623 0.0479554 0.0420479 0.0379007 0.0352243 0.0261587 0.025022 0.0294995 0.0289478 0.0254708 0.0272799 0.0257048 0.0279034 0.0239637 0.0254918 0.0284523 0.0265096 0.0255122 0.0297218 0.0260436 0.0274366 0.029741 0.0281929 0.0277371 0.0240747 0.0214609 0.0221079 0.0258036 0.0245874 0.0233139 0.0199224 0.0186251 0.0182044 0.0164669 0.0177897 0.0183675 0.0180679 0 0 0 0 
0.0277247 0.0285519 0.0434329 0 0 0 0.0823029 0.0597608 0.0479852 0.0553211 0.0616514 0.0538881 0.0509378 0.0448026 0.0394932 0.0353178 0.0335096 0.033683 0.0353744 0.0292399 0.0287826 0.0276791 0.0286991 0.0266042 0.0308241 0.0274688 0.0265281 0.026417 0.0269918 0.02445 0.0273526 0.0297434 0.0299813 0.029781 0.0246209 0.0278 0.0300888 0.0299515 0.0284438 0.0274094 0.0210831 0.0223477 0.0196907 0.0182908 0.0204294 0.0213557 0.022569 0 0 0 0 
0.0172661 0.0210121 0.0228011 0.030741 0 0 0 0.0791007 0.0688364 0.0732778 0.0754124 0.0657339 0.0592882 0.0519201 0.050116 0.0402329 0.0383153 0.0380474 0.0353926 0.0336539 0.0327467 0.0274872 0.0317829 0.0273354 0.0271162 0.0306942 0.0280046 0.0276544 0.0291826 0.0286006 0.0309339 0.0337895 0.034922 0.0281932 0.0277547 0.0275998 0.0246133 0.0265842 0.0277427 0.0255719 0.0212142 0.022166 0.0211173 0.0213698 0.0242454 0.0226865 0.0219438 0 0 0 0 
0.00958662 0.0157427 0.0163523 0.0249744 0.0314731 0 0 0 0.113885 0.106022 0.0977527 0.0685827 0.0607562 0.048763 0.0478722 0.0458463 0.0370611 0.0331653 0.0330181 0.0296094 0.0315562 0.0250502 0.0292252 0.025275 0.028079 0.0298618 0.031658 0.0280205 0.0295362 0.0282471 0.0316713 0.0339641 0.0296207 0.0271547 0.0257894 0.0241226 0.0255034 0.0264949 0.0251486 0.0272516 0.0212872 0.0199682 0.0188675 0.0205257 0.0203353 0.0226313 0.0263932 0 0 0 0 
0.0129791 0.0131243 0.0147593 0.0165857 0.0224484 0.0298462 0 0 0 0.123462 0.0851459 0.0645442 0.0526091 0.0459847 0.0399582 0.0320365 0.0348756 0.0341208 0.0279879 0.0269696 0.0291114 0.0250987 0.0280086 0.0274085 0.024351 0.0272791 0.0250324 0.0260559 0.0238859 0.024494 0.028566 0.030144 0.0257053 0.0233503 0.0235327 0.0226544 0.0223456 0.0222392 0.0204374 0.0224314 0.0189245 0.0163832 0.019447 0.0188495 0.020297 0.0183416 0.0230061 0 0 0 0 
0.0113605 0.0134704 0.0132931 0.0154209 0.0154998 0.0309886 0.0556264 0 0 0 0.098923 0.0654021 0.0517817 0.0446223 0.0394201 0.0359248 0.031545 0.0309018 0.0284378 0.0269436 0.0271187 0.0289377 0.028215 0.0287646 0.0295294 0.0276011 0.0293496 0.0271496 0.025951 0.0231497 0.0296858 0.0295091 0.0257452 0.0239687 0.0228819 0.0199261 0.0218886 0.0225474 0.0222861 0.0234044 0.018807 0.0165188 0.0175435 0.0182688 0.0182062 0.0204635 0.0214846 0 0 0 0 
0.0134665 0.0146265 0.0157113 0.019389 0.0231389 0.0367518 0.0550065 0.0580714 0 0 0 0.0818469 0.0646852 0.0497279 0.0443612 0.0401836 0.0372803 0.0340591 0.0344972 0.0284793 0.027276 0.0304983 0.0307572 0.0292285 0.0332659 0.0317117 0.0362302 0.0310789 0.0292362 0.0282724 0.0298135 0.0325282 0.0280904 0.026843 0.0284177 0.0266311 0.0263841 0.0217254 0.0287141 0.0254353 0.0204188 0.0194927 0.0183957 0.0212085 0.0175733 0.0206171 0.0251022 0 0 0 0 
0.0122422 0.0123254 0.0152686 0.0206326 0.0277991 0.0386072 0.0570286 0.0401824 0.0428061 0 0 0 0.0798461 0.0625696 0.0548201 0.0470905 0.0402892 0.0364378 0.0311953 0.0301168 0.0309087 0.0295041 0.0313306 0.031588 0.0300461 0.0311897 0.0347569 0.0340969 0.0335939 0.0340124 0.0357746 0.0350735 0.035191 0.0346856 0.030315 0.0264115 0.0244817 0.024009 0.0249597 0.0274174 0.0213527 0.0171317 0.0175334 0.0197435 0.0177173 0.0211226 0.0220588 0 0 0 0 
0.00981332 0.0124891 0.0124612 0.0171946 0.0222635 0.0310824 0.0336859 0.0281712 0.0265044 0.0337844 0 0 0 0.0828613 0.0672001 0.0549564 0.0464164 0.0419999 0.0324791 0.0324235 0.0285362 0.0291472 0.031299 0.0333607 0.0276278 0.0347954 0.034829 0.0360016 0.0359437 0.0388261 0.0384059 0.0376573 0.0345025 0.0353975 0.0326465 0.0286218 0.0288825 0.028864 0.032354 0.0301331 0.0250957 0.0235367 0.0219722 0.0250614 0.0192616 0.0235283 0.0256904 0 0 0 0 
0.00952532 0.0105266 0.00828314 0.0148157 0.0213844 0.0279859 0.0270978 0.0194807 0.0193706 0.0263629 0.0317809 0 0 0 0.0795393 0.0576663 0.0537085 0.0423499 0.0403101 0.0356876 0.0367724 0.0380128 0.0338517 0.0338137 0.0285295 0.0340336 0.0353058 0.0398948 0.0347506 0.0367643 0.0372409 0.0394967 0.0370287 0.0338834 0.034244 0.0316522 0.0278707 0.0270127 0.0343843 0.0292031 0.0263836 0.023259 0.0236931 0.0226575 0.0242394 0.0269717 0.0231348 0 0 0 0 
0.00759221 0.00596056 0.0113806 0.0122034 0.0169025 0.0230173 0.0197825 0.0156858 0.0156588 0.0168311 0.0239956 0.0333324 0 0 0 0.0838365 0.0608345 0.0499582 0.0413281 0.037754 0.0385683 0.0408527 0.0304293 0.0323695 0.028706 0.0343536 0.0355682 0.0378466 0.0373948 0.0406586 0.0392058 0.0471579 0.0453386 0.0425053 0.0337784 0.0337726 0.0265865 0.0321941 0.033839 0.0308698 0.0241243 0.0256272 0.0259716 0.0281089 0.0225195 0.0295243 0.0273948 0 0 0 0 
0.00629483 0.00849678 0.00867663 0.0114854 0.0128615 0.0210883 0.0183858 0.0105868 0.013189 0.0157609 0.0201011 0.0255893 0.0292216 0 0 0 0.079427 0.0568212 0.0497845 0.0462077 0.0479796 0.0457707 0.0329214 0.0400662 0.0378563 0.041631 0.0437761 0.0441951 0.0435332 0.0438166 0.0501895 0.0484223 0.0488006 0.0418755 0.0413551 0.0305406 0.0330533 0.0405093 0.0389226 0.0347182 0.0321703 0.0270553 0.0293512 0.0288578 0.032297 0.0262749 0.0300968 0 0 0 0 
0.00566867 0.00601197 0.00623131 0.00614007 0.0122596 0.013984 0.0187877 0.00777494 0.0122483 0.0136609 0.0150155 0.0194675 0.0199151 0.034872 0 0 0 0.0865076 0.0639072 0.0587706 0.0453967 0.047354 0.0454342 0.0468444 0.0417591 0.0425386 0.043548 0.0522418 0.0477125 0.0474549 0.0532444 0.0603861 0.0596245 0.0537582 0.0420312 0.0387123 0.0320194 0.0391186 0.0431024 0.0397126 0.0313913 0.0269511 0.0275979 0.0294023 0.027954 0.0273949 0.0349659 0 0 0 0 
0.00335471 0.00592979 0.00635807 0.00534365 0.00995814 0.0122603 0.0115346 0.0101654 0.00785255 0.0117632 0.0123955 0.0156012 0.0200997 0.0204684 0.0317253 0 0 0 0.0827264 0.0674577 0.0558666 0.0513065 0.0430164 0.0508369 0.0509165 0.0496822 0.0441473 0.0460015 0.0420589 0.0466554 0.0520753 0.0517337 0.0502469 0.0430624 0.0398495 0.0358431 0.0363048 0.0367567 0.0416716 0.0378457 0.0293059 0.0278224 0.0259713 0.0272447 0.0281007 0.0267184 0.0303273 0 0 0 0 
0.0050107 0.00732758 0.0079276 0.00812024 0.00859168 0.0111467 0.00950445 0.0102149 0.00823761 0.0100002 0.0109141 0.0149634 0.0152184 0.0175129 0.0212691 0.0364652 0 0 0 0.0940107 0.0684332 0.0546429 0.0555428 0.0589779 0.0499482 0.0462926 0.0429793 0.0404182 0.0448052 0.0420005 0.0444682 0.0444515 0.0498107 0.037216 0.0367805 0.0326787 0.0355463 0.0291052 0.0334823 0.0278426 0.0258847 0.0202421 0.0259397 0.0273323 0.024498 0.0303445 0.0252336 0 0 0 0 
0.00626124 0.00532458 0.00666067 0.00791438 0.0113057 0.0101496 0.00983622 0.00657123 0.00741892 0.0118208 0.00959517 0.00888714 0.0153467 0.0150929 0.0209827 0.0262944 0.031616 0 0 0 0.082212 0.0648372 0.0575499 0.0525459 0.0512613 0.0505357 0.0456444 0.043894 0.044454 0.0412825 0.0474285 0.0461906 0.0362762 0.0386717 0.0354537 0.0350891 0.026168 0.028801 0.0339168 0.0285624 0.025148 0.0232563 0.0236226 0.0261311 0.0278439 0.0257879 0.0286539 0 0 0 0 
0.00416914 0.00593212 0.00597775 0.0053705 0.00691809 0.00761839 0.00643687 0.00624439 0.00646243 0.00748859 0.00876795 0.0105049 0.0128846 0.013135 0.0188313 0.0242726 0.025936 0.03835 0 0 0 0.0892768 0.0694746 0.0576654 0.0501337 0.0462803 0.0413583 0.0443818 0.0410084 0.035692 0.0448738 0.0430182 0.0381123 0.0362675 0.0356737 0.0285888 0.029439 0.0296206 0.0278 0.0305959 0.02617 0.0237095 0.0247724 0.0243716 0.0226939 0.0230518 0.0239346 0 0 0 0 
0.00312983 0.00301254 0.00481528 0.00580658 0.00655807 0.010261 0.00896606 0.00828016 0.00556921 0.00570447 0.00747414 0.00632268 0.0133122 0.0137577 0.0205091 0.0189463 0.0240909 0.0297396 0.0365997 0 0 0 0.0863663 0.0670744 0.0569656 0.0520585 0.0400118 0.0423952 0.0384333 0.0489605 0.0400539 0.0470138 0.0356341 0.0299979 0.0318615 0.032458 0.0259672 0.0240372 0.0289019 0.0302184 0.0298164 0.0276184 0.0287735 0.0297821 0.0219556 0.0224529 0.0279996 0 0 0 0 
0.00361186 0.00525338 0.00533943 0.00535052 0.00781134 0.00775506 0.00531357 0.00552992 0.00643839 0.00849695 0.0079554 0.00794627 0.0146072 0.0159487 0.0194394 0.0205998 0.0229684 0.0222016 0.028242 0.038664 0 0 0 0.0950324 0.0629067 0.0531627 0.0401448 0.0435126 0.0386737 0.0381103 0.0417083 0.0405367 0.037335 0.0322389 0.0282064 0.0330986 0.0250873 0.0290966 0.0319163 0.0299721 0.0269747 0.0271143 0.0290403 0.0266066 0.019415 0.0254346 0.025594 0 0 0 0 
0.00475351 0.00501258 0.0043244 0.00672373 0.00677296 0.00955485 0.00655906 0.00691396 0.00554627 0.00850977 0.0098541 0.00938667 0.0132823 0.00968762 0.0107096 0.0188599 0.0146492 0.0244626 0.0229313 0.0282695 0.0360629 0 0 0 0.0908836 0.0610038 0.052629 0.0493773 0.042115 0.041576 0.0416006 0.0381491 0.034259 0.0358157 0.0295733 0.0305074 0.029766 0.0268502 0.0334888 0.0299697 0.0265977 0.0276055 0.0274393 0.0255988 0.0239722 0.0256974 0.0262893 0 0 0 0 
0.00366853 0.00280832 0.00461083 0.00442878 0.00712332 0.00934978 0.00626869 0.00683611 0.00604922 0.00797664 0.00967292 0.0111895 0.0132511 0.0120235 0.0169169 0.0203485 0.0203065 0.0262209 0.0191917 0.0227356 0.0298563 0.0448446 0 0 0 0.0864694 0.067357 0.0575888 0.0484438 0.0462283 0.0470438 0.0491699 0.0414184 0.0378113 0.0319738 0.0289662 0.0291439 0.0336908 0.0295753 0.0311663 0.0264538 0.0276261 0.0257924 0.0234859 0.0224018 0.0191801 0.0192241 0 0 0 0 
0.00351967 0.00415943 0.00640388 0.00538216 0.00873137 0.00771791 0.00892751 0.00437839 0.00646419 0.00969376 0.00851239 0.00623254 0.00905827 0.00996258 0.0163 0.0165829 0.0230279 0.0203771 0.0188917 0.0192572 0.0263622 0.0271101 0.0414976 0 0 0 0.0839854 0.0632993 0.0556015 0.0484058 0.041247 0.0409341 0.0407683 0.0371392 0.0320256 0.0292651 0.0283951 0.0338837 0.0309335 0.0306719 0.0265967 0.0245173 0.0269874 0.0235494 0.0220099 0.0253996 0.0240635 0 0 0 0 
0.00358964 0.00312129 0.00443695 0.00581731 0.00635359 0.0089836 0.00649225 0.00597382 0.00522695 0.00734322 0.00768404 0.00988222 0.0112849 0.0123695 0.0171906 0.0162546 0.0206132 0.0180715 0.0210978 0.0185634 0.0245106 0.0253372 0.0258979 0.0357895 0 0 0 0.0921303 0.0695325 0.0614 0.0553213 0.0509548 0.0443379 0.0408104 0.0337129 0.0361732 0.0292228 0.0315552 0.0341045 0.0278842 0.0256281 0.023577 0.0252565 0.0237107 0.0218149 0.0263915 0.0227775 0 0 0 0 
0.00245787 0.00383028 0.00319428 0.0048659 0.00513695 0.00689741 0.00872802 0.00352792 0.00550037 0.00926762 0.00818872 0.00866699 0.0101124 0.0109326 0.01714 0.0163255 0.0173906 0.0178186 0.0183811 0.0152436 0.0169671 0.0178914 0.0232181 0.0286929 0.0342614 0 0 0 0.0877063 0.0686481 0.0574727 0.0435915 0.0467447 0.0444414 0.0357481 0.0374294 0.0344438 0.0329439 0.0327641 0.0304588 0.0302131 0.0267677 0.026346 0.02654 0.0265378 0.0272366 0.027789 0 0 0 0 
0.00378492 0.00522984 0.00413189 0.00405143 0.00616328 0.00677796 0.00583698 0.00550514 0.00637887 0.00625457 0.00706157 0.00877383 0.01373 0.0121704 0.0168652 0.0219622 0.0196255 0.0173138 0.0206665 0.0199882 0.0204843 0.0227843 0.0247444 0.0260861 0.0244755 0.038916 0 0 0 0.0862211 0.0657402 0.0598032 0.0528052 0.0444743 0.0389167 0.0396784 0.0359943 0.0374218 0.0354556 0.0368034 0.0332387 0.0326764 0.0298887 0.0274055 0.0251231 0.0308988 0.0294125 0 0 0 0 
0.00394179 0.00300996 0.00555822 0.00678109 0.00641873 0.00777917 0.00783858 0.00482805 0.00579155 0.00723756 0.00708186 0.00947589 0.00966156 0.0123178 0.0173668 0.0201356 0.0158112 0.0198345 0.0196424 0.0187537 0.0177143 0.0181234 0.019475 0.0217737 0.0234871 0.0290646 0.036327 0 0 0 0.0823239 0.0658535 0.0519081 0.0519322 0.0450517 0.0415252 0.0393965 0.0372718 0.0334691 0.0363151 0.0290969 0.0288601 0.0275596 0.0317035 0.027058 0.032319 0.0261064 0 0 0 0 
0.00324928 0.00433218 0.00344861 0.00496868 0.00578709 0.00791666 0.00813177 0.00725491 0.00538252 0.00671178 0.00804553 0.0123211 0.0116808 0.0144703 0.0170813 0.0225605 0.0211925 0.018889 0.0186604 0.0144284 0.0261687 0.0161715 0.0199994 0.0227786 0.0222624 0.0266204 0.0284476 0.0374434 0 0 0 0.0908604 0.0737 0.0561912 0.0499764 0.0463803 0.044009 0.0390219 0.0400429 0.0387112 0.0339427 0.0291123 0.0316617 0.0303621 0.030665 0.0268396 0.0274066 0 0 0 0 
0.00320186 0.00374227 0.00624176 0.00714025 0.00756473 0.0103086 0.0106738 0.00787853 0.0103774 0.00804859 0.0119844 0.0139085 0.0142011 0.0162271 0.0242366 0.0287343 0.0279687 0.0211417 0.0230357 0.02285 0.0187876 0.0200549 0.0186422 0.0212485 0.0160218 0.0232652 0.0230091 0.0283241 0.0315486 0 0 0 0.083608 0.069959 0.0543054 0.0489626 0.0464364 0.040418 0.0399978 0.038099 0.0355054 0.0282767 0.0275883 0.0314517 0.025464 0.0271103 0.0268697 0 0 0 0 
0.00542499 0.00400692 0.00636185 0.00680506 0.00647017 0.010223 0.0113522 0.00892236 0.0098902 0.0107002 0.0114218 0.0123719 0.0153746 0.0224576 0.021856 0.0327905 0.025708 0.0208416 0.0204458 0.0185511 0.0235523 0.0180803 0.0169211 0.0223375 0.0152697 0.0204865 0.0130849 0.0252622 0.0240291 0.0359042 0 0 0 0.0855745 0.0583362 0.053682 0.0435126 0.0377902 0.0439838 0.0395801 0.0319217 0.0303002 0.0302882 0.0285783 0.0242607 0.02359 0.0272072 0 0 0 0 
0.0047388 0.00397645 0.00725412 0.00539997 0.00626044 0.0123229 0.00850631 0.00715069 0.00728551 0.00752968 0.0110201 0.00978012 0.0127319 0.0212551 0.023041 0.0325411 0.0238494 0.0250122 0.0135269 0.0164756 0.0134311 0.0153345 0.0134164 0.015933 0.0145222 0.0156788 0.0159571 0.0208221 0.0158395 0.0269425 0.0299045 0 0 0 0.0713946 0.0587476 0.047486 0.0442986 0.0450941 0.0370341 0.0328337 0.0335811 0.02663 0.0262381 0.028175 0.0294918 0.0261224 0 0 0 0 
0.00248733 0.00437149 0.00414846 0.00713164 0.00822723 0.00863584 0.00773907 0.00587102 0.00627009 0.00589907 0.0111719 0.0112115 0.0115836 0.0199012 0.0178495 0.0294004 0.0186564 0.016593 0.0173614 0.0142007 0.0110177 0.0129689 0.0151027 0.0157564 0.0130208 0.015793 0.0170012 0.0156494 0.0192145 0.0188557 0.0253824 0.0354166 0 0 0 0.0891506 0.0664351 0.0558825 0.0525651 0.0451228 0.0359578 0.0351896 0.0338626 0.0287641 0.028898 0.0328252 0.0300595 0 0 0 0 
0.00270476 0.00298565 0.00373483 0.00443146 0.00368671 0.00829632 0.00568444 0.00462179 0.00459184 0.00775976 0.00700877 0.00953758 0.0130223 0.0133432 0.0191035 0.0182049 0.016066 0.0146373 0.0130582 0.0158556 0.01307 0.00961536 0.0125341 0.0127279 0.011824 0.0108818 0.0115731 0.0138186 0.01659 0.0186733 0.0177822 0.0206317 0.0251847 0 0 0 0.0993104 0.0667745 0.0616134 0.056442 0.0416195 0.0389517 0.035317 0.0359292 0.0325141 0.0314358 0.0347876 0 0 0 0 
0.00260723 0.00316014 0.00444725 0.0033224 0.00580447 0.00794043 0.0052905 0.00478183 0.00328616 0.00598394 0.00638069 0.00862736 0.0122484 0.0150057 0.0114217 0.016163 0.0130194 0.0124234 0.0138214 0.0090448 0.0125987 0.0131305 0.0124694 0.0104601 0.0110392 0.0137952 0.0142665 0.0148928 0.0155101 0.0176028 0.0163026 0.0205437 0.0210471 0.0361698 0 0 0 0.0925306 0.0712294 0.0587838 0.05293 0.0436034 0.0397918 0.0356074 0.032559 0.031026 0.0329426 0 0 0 0 
0.00356121 0.00209474 0.00381144 0.0024025 0.00612946 0.00440213 0.00531345 0.00320728 0.00362102 0.00649069 0.00524732 0.00809338 0.00975564 0.0083013 0.0120612 0.0101295 0.0107596 0.0143739 0.00777356 0.0104648 0.00784507 0.00595765 0.0104544 0.0108814 0.0106436 0.0087957 0.0118247 0.0114457 0.0143041 0.0163765 0.0169758 0.0144478 0.0182886 0.0273519 0.0464732 0 0 0 0.089007 0.07166 0.0569765 0.0477465 0.0473262 0.0411976 0.0490792 0.0377808 0.0312399 0 0 0 0 
0.00214359 0.0021435 0.00487521 0.00450712 0.00654484 0.00567972 0.00761199 0.00553827 0.00463164 0.0029519 0.00629524 0.00920197 0.00945733 0.0145621 0.0185129 0.015415 0.0123208 0.00980566 0.0110795 0.0122382 0.00802769 0.0104146 0.00775584 0.0135789 0.0118815 0.0100981 0.0106183 0.0144804 0.01375 0.0134062 0.0145831 0.0126381 0.0158944 0.0230906 0.0288047 0.039728 0 0 0 0.0815965 0.0631138 0.0479152 0.0445237 0.0421122 0.0423825 0.0314042 0.0429477 0 0 0 0 
0.00373235 0.00280283 0.0038752 0.00434256 0.00701906 0.00830288 0.00675035 0.00465848 0.00455817 0.00782136 0.00658784 0.0106234 0.0139212 0.0134124 0.0174677 0.0177056 0.015876 0.0136865 0.0148394 0.0108088 0.010194 0.01173 0.0119452 0.00986844 0.00974415 0.011633 0.0114033 0.0133802 0.0119201 0.0159152 0.0154232 0.0193153 0.0180487 0.0231304 0.0283889 0.0291499 0.0341278 0 0 0 0.0756643 0.0583331 0.0500463 0.0521212 0.03723 0.0456952 0.0472808 0 0 0 0 
0.00179728 0.00186722 0.00437956 0.00441697 0.00653271 0.00703761 0.00781497 0.00442241 0.0033286 0.00618751 0.00864915 0.00936862 0.00975446 0.0122095 0.0147829 0.0184638 0.0141295 0.00917577 0.009868 0.0106886 0.00806451 0.00821479 0.00928977 0.00910813 0.00978404 0.00683643 0.00887329 0.0130082 0.0140787 0.0138679 0.0125867 0.0145664 0.0135108 0.0176001 0.0237605 0.0230606 0.0285868 0.0299745 0 0 0 0.0879073 0.0684736 0.0626904 0.0552069 0.0415422 0.0453276 0 0 0 0 
0.0018707 0.00207846 0.00189092 0.00238384 0.00264428 0.00360829 0.00421774 0.00318236 0.002021 0.00381646 0.00538609 0.00602288 0.00636833 0.00588344 0.0114472 0.0100508 0.00762571 0.00742824 0.00716223 0.00716956 0.00853743 0.00640398 0.00648321 0.00632013 0.00792067 0.00638588 0.00862005 0.0103243 0.00795666 0.0106359 0.0112293 0.00924878 0.0116834 0.012665 0.0144924 0.021632 0.0211425 0.0239735 0.0274443 0 0 0 0.0796673 0.0772904 0.0513306 0.0557541 0.0522194 0 0 0 0 
0.00130002 0.00137875 0.0022175 0.00248494 0.00413463 0.00534503 0.00483627 0.001866 0.00140447 0.00472424 0.00280726 0.00488313 0.00424858 0.00711423 0.00705111 0.0069847 0.00635929 0.00309731 0.0048816 0.0046388 0.00602025 0.00410804 0.00486588 0.00631366 0.00575459 0.00576914 0.00698882 0.0109774 0.00739744 0.00677536 0.00585277 0.00867692 0.0116606 0.0120234 0.0131843 0.0157537 0.0160826 0.0158475 0.0203026 0.0357732 0 0 0 0.0900881 0.0613153 0.0579841 0.0434844 0 0 0 0 
0.00143319 0.00130285 0.00162977 0.00234813 0.00260467 0.00392837 0.00270046 0.00235102 0.00132715 0.00375929 0.00265271 0.00373538 0.00451652 0.00579531 0.00743172 0.00736173 0.00475727 0.00614626 0.00379882 0.00462694 0.0061835 0.00509497 0.00434255 0.00518788 0.00661991 0.00587088 0.00542476 0.00772897 0.00529559 0.00873048 0.00594022 0.00956576 0.00612149 0.0124753 0.0111607 0.0137188 0.0180115 0.014399 0.0172228 0.0262152 0.0273659 0 0 0 0.0836227 0.0634051 0.0512688 0 0 0 0 
0.00114703 0.000695138 0.00391306 0.00146166 0.00145922 0.00279466 0.00271543 0.00182933 0.00165225 0.00482641 0.00330251 0.0057446 0.00374858 0.00606053 0.00813554 0.00900702 0.00607846 0.00655872 0.00506718 0.00363811 0.00831404 0.00453073 0.00524728 0.00435962 0.00573962 0.00469864 0.00660678 0.00645703 0.00949362 0.00652145 0.00803285 0.00723044 0.00731615 0.00915236 0.0135715 0.012537 0.0131388 0.015058 0.0223915 0.02641 0.034417 0.0369638 0 0 0 0.0769079 0.0809656 0 0 0 0 
0.000706106 0.00096283 0.00240886 0.00202454 0.00224572 0.00483858 0.00286562 0.0027027 0.00114426 0.000810306 0.00121981 0.00151558 0.00432677 0.0023984 0.00839611 0.00612834 0.00518106 0.00302814 0.00748641 0.00293949 0.00298555 0.000836729 0.00572628 0.00402565 0.00489224 0.00289246 0.00650738 0.00596238 0.00584423 0.00752733 0.00353214 0.00392738 0.00844462 0.00768294 0.010294 0.0105699 0.0208675 0.0148977 0.0101501 0.0226025 0.0163717 0.0215836 0.0313044 0 0 0 0.0745507 0 0 0 0 
0.00303816 0.00184123 0 0.00193577 0.00193253 0.0032385 0.00308247 0.000484538 0.00218818 0.00232433 0.00262423 0.00326054 0.00620559 0.00802633 0.00380273 0.00376691 0.00309618 0.00723843 0.00469754 0.00361363 0.00367027 0.00480025 0.00505404 0.00192457 0.00643189 0.00570414 0.00758313 0.0105635 0.0110014 0.00575783 0.0050659 0.00281639 0.00968923 0.012121 0.0109125 0.0108284 0.0139204 0.00712223 0.0177927 0.0119432 0.0241715 0.0230369 0.0204081 0.0254072 0 0 0 0 0 0 0 
0.00144487 0.00131346 0.000547681 0.000920599 0.00245083 0.00176016 0.00390917 0.0027652 0.00104064 0.00276347 0.00166402 0.00465187 0.00236097 0.00599831 0.00602825 0.0089572 0.00530086 0.0034424 0.00510634 0.00286424 0.00756374 0.00456574 0.00540802 0.00122037 0.00389306 0.00246612 0.0055482 0.00717676 0.00448453 0.00547654 0.00481841 0.00589335 0.00518393 0.00786059 0.0109899 0.0089261 0.00662017 0.0149034 0.0194876 0.0146053 0.0203631 0.0123252 0.0155289 0.0374572 0.021199 0 0 0 0 0 0 
0 0 0 0 0 0 0 0 0 0 0 0 0 0 0 0 0 0 0 0 0 0 0 0 0 0 0 0 0 0 0 0 0 0 0 0 0 0 0 0 0 0 0 0 0 0 0 0 0 0 0 
0 0 0 0 0 0 0 0 0 0 0 0 0 0 0 0 0 0 0 0 0 0 0 0 0 0 0 0 0 0 0 0 0 0 0 0 0 0 0 0 0 0 0 0 0 0 0 0 0 0 0 
0 0 0 0 0 0 0 0 0 0 0 0 0 0 0 0 0 0 0 0 0 0 0 0 0 0 0 0 0 0 0 0 0 0 0 0 0 0 0 0 0 0 0 0 0 0 0 0 0 0 0 
0 0 0 0 0 0 0 0 0 0 0 0 0 0 0 0 0 0 0 0 0 0 0 0 0 0 0 0 0 0 0 0 0 0 0 0 0 0 0 0 0 0 0 0 0 0 0 0 0 0 0 
