0 0 0.0537517 0.0445894 0.0379622 0.0342892 0.0307945 0.0269406 0.0276962 0.0274432 0.0268563 0.0272564 0.0279599 0.029175 0.0269122 0.0232546 0.0226063 0.0198802 0.0200549 0.0185393 0.0182971 0.0181294 0.0169863 0.0174171 0.0172825 0.016911 0.0176107 0.0185204 0.017877 0.0166436 0.0164127 0.0153001 0.0133898 0.0127652 0.0131613 0.0123904 0.0140092 0.0132691 0.0141634 0.0135111 0.0135782 0.0122168 0.0116935 0.0103807 
0 0 0 0.0534134 0.0458968 0.0388302 0.0312746 0.02686 0.0303588 0.0300846 0.029769 0.0305612 0.0309727 0.0320717 0.0304613 0.0235628 0.0223725 0.0198629 0.0207733 0.0187809 0.0196249 0.0200267 0.0185246 0.0180804 0.0187891 0.0185032 0.0192962 0.0195515 0.0187927 0.0173421 0.0161106 0.0157809 0.0141466 0.01337 0.013509 0.0132466 0.013917 0.0139274 0.0142734 0.0135999 0.01405 0.0119938 0.0115821 0.00978381 
0.0881938 0 0 0 0.0546684 0.0432624 0.0344235 0.0286757 0.0295877 0.0302787 0.0293585 0.0311003 0.0311481 0.0328027 0.0283183 0.0227143 0.0219074 0.0195868 0.0199364 0.0196932 0.0205088 0.0199252 0.0198154 0.0186736 0.0173078 0.0187079 0.0194885 0.0184922 0.0183938 0.0175288 0.0156343 0.0160474 0.0147924 0.0133303 0.0131451 0.0131712 0.0142622 0.015224 0.0142443 0.0141155 0.0132547 0.0124444 0.0110113 0.00866044 
0.0776359 0.0764084 0 0 0 0.0503381 0.0395457 0.0334943 0.0295582 0.0305979 0.0309261 0.0323545 0.0328567 0.0344663 0.0282036 0.0265118 0.0220841 0.0192034 0.0200032 0.0202108 0.0210512 0.020035 0.0201558 0.0185895 0.0176684 0.0185041 0.021156 0.0185175 0.0181016 0.0171844 0.0159653 0.0160791 0.0147197 0.0134728 0.0138631 0.0130878 0.0135095 0.0145483 0.0153111 0.015103 0.014561 0.0138413 0.0122958 0.00903966 
0.0729344 0.0650322 0.0762733 0 0 0 0.049221 0.0390075 0.0365085 0.0349769 0.0340624 0.035098 0.0375635 0.037756 0.031857 0.0258563 0.0224619 0.020921 0.0217282 0.0216998 0.0218375 0.0191212 0.0196023 0.0186379 0.0185877 0.0178363 0.0180523 0.0186558 0.0185414 0.0164127 0.0160836 0.0153123 0.0142762 0.0140454 0.0137635 0.0135263 0.0139131 0.0140856 0.0132959 0.0151259 0.0149691 0.0133954 0.0116245 0.0101417 
0.0571962 0.0471789 0.0582188 0.0686459 0 0 0 0.0506467 0.0426095 0.0431511 0.0385796 0.0367195 0.0388992 0.0394502 0.0338757 0.0255233 0.0235677 0.0215731 0.022665 0.021087 0.0217594 0.0181038 0.0197094 0.0178733 0.0176157 0.0189373 0.0194721 0.0181933 0.0186987 0.0164784 0.0160474 0.0148083 0.0137135 0.0136522 0.0137761 0.0135079 0.0155266 0.014331 0.0147088 0.0148277 0.0143473 0.0133182 0.0126184 0.0105378 
0.0460081 0.0350303 0.0441902 0.0514659 0.0698138 0 0 0 0.0519872 0.0450628 0.0395026 0.0360979 0.0361668 0.0365866 0.0307668 0.0252944 0.0239337 0.0222896 0.0200424 0.019702 0.0188106 0.0171141 0.0181675 0.0157434 0.0157567 0.0166668 0.0169868 0.0159558 0.0157798 0.0156401 0.0149904 0.0141515 0.0121493 0.011775 0.0110358 0.0120253 0.013832 0.0145019 0.0143356 0.0140593 0.0142771 0.0137325 0.0126171 0.0103661 
0.0368528 0.0323462 0.0397134 0.0435408 0.0495401 0.0739326 0 0 0 0.0548771 0.0483707 0.0421525 0.0364335 0.0346863 0.0300954 0.0266518 0.0243853 0.0218715 0.0203251 0.0183542 0.0193629 0.0173373 0.0157652 0.0144506 0.0136549 0.01512 0.0167763 0.0163215 0.0157519 0.0144803 0.0134401 0.0141351 0.0125346 0.0113994 0.0103969 0.0112471 0.0126381 0.0129502 0.0132099 0.0139353 0.0135901 0.0136543 0.0134477 0.0124993 
0.0300528 0.0302705 0.0355166 0.0307523 0.0463242 0.0526304 0.0603563 0 0 0 0.0555836 0.0482176 0.0412583 0.0390507 0.0333355 0.027923 0.0256317 0.0231111 0.0214813 0.0203483 0.0208056 0.0188313 0.0158735 0.0150461 0.0153829 0.0158065 0.0175205 0.0170009 0.0162505 0.0144588 0.0144907 0.0150248 0.0143857 0.0127386 0.012306 0.0127067 0.0134535 0.0130668 0.0125097 0.0132565 0.0137776 0.0138207 0.013245 0.0119418 
0.0354858 0.0298791 0.0296953 0.0341674 0.0465563 0.0525195 0.061311 0.0771147 0 0 0 0.0600998 0.0509173 0.0452383 0.0334271 0.0264914 0.0248397 0.021767 0.0230221 0.0224304 0.0228323 0.0203988 0.0174604 0.016181 0.0169155 0.0184176 0.0184673 0.0200445 0.0170587 0.0170922 0.0162867 0.0159116 0.0140006 0.0129842 0.0132732 0.0134559 0.0135798 0.0126089 0.0122621 0.0134197 0.0124442 0.0131741 0.0123436 0.010871 
0.0344318 0.0328116 0.0313908 0.0398733 0.0477757 0.0592858 0.0530865 0.0677784 0.0761396 0 0 0 0.0613 0.0538031 0.0382595 0.029423 0.0297387 0.024898 0.0243773 0.0212059 0.0238755 0.0212545 0.0200274 0.0177791 0.0193702 0.0202635 0.0200738 0.0209072 0.018889 0.0199874 0.0180865 0.0166113 0.013324 0.0133418 0.0133681 0.0144065 0.0141862 0.013461 0.0147641 0.0139459 0.0135323 0.0137352 0.0125635 0.00949799 
0.0349107 0.0358039 0.0331021 0.0354377 0.0394605 0.0502317 0.0417035 0.0576074 0.0651179 0.0736207 0 0 0 0.0580276 0.041873 0.0360002 0.0325764 0.0268893 0.0266527 0.0217014 0.0238464 0.0217015 0.0203888 0.0200699 0.0215186 0.0231358 0.0213462 0.0210523 0.0205273 0.0195064 0.018059 0.0159266 0.0156127 0.0151656 0.0137596 0.0136454 0.0132501 0.0147052 0.0147494 0.0158794 0.0148539 0.0142606 0.0127095 0.0102385 
0.0367226 0.0311495 0.0324046 0.039691 0.0354886 0.0449167 0.0413237 0.052217 0.055868 0.0648194 0.0940714 0 0 0 0.0488751 0.0379167 0.0335876 0.0281236 0.0268054 0.0227218 0.0239266 0.0217946 0.0211291 0.0207974 0.0208674 0.0216454 0.0207531 0.0220034 0.021584 0.0189705 0.0171691 0.0153855 0.0156946 0.0144206 0.0125357 0.0127967 0.0129419 0.0130574 0.014063 0.0155355 0.014719 0.01333 0.0139581 0.00993512 
0.0335543 0.032933 0.0315069 0.0395577 0.0407383 0.0442338 0.0475588 0.0470827 0.0543674 0.0608574 0.0909718 0.0937068 0 0 0 0.0468398 0.0384812 0.0330468 0.0302042 0.0259595 0.0289219 0.0230942 0.0255716 0.0251646 0.0246686 0.0246047 0.0245488 0.0256247 0.0216955 0.0190066 0.0184017 0.0160267 0.0154133 0.0157119 0.0136593 0.0130805 0.0144423 0.0138173 0.0152649 0.0155096 0.015776 0.0143839 0.0128477 0.00919412 
0.0222761 0.0319559 0.0286614 0.0259886 0.0327432 0.0359429 0.0310212 0.0338021 0.0329171 0.0503404 0.0614768 0.0571665 0.0605254 0 0 0 0.0489358 0.0371374 0.0348631 0.0329777 0.0347114 0.0292695 0.0277923 0.0262939 0.0269032 0.0297647 0.0299593 0.0282084 0.0266374 0.0231459 0.0219088 0.0184707 0.0171924 0.0175827 0.0161901 0.0158889 0.0172311 0.0152542 0.016053 0.0172799 0.0168114 0.0163617 0.0153007 0.0113761 
0.0238076 0.0216119 0.0178883 0.0193399 0.019486 0.0231665 0.0229163 0.0236622 0.0252884 0.023678 0.0357935 0.0440196 0.0433147 0.0527387 0 0 0 0.0543157 0.0451302 0.0416001 0.0404194 0.0360742 0.0318499 0.0321748 0.0331732 0.0328045 0.0347331 0.0320428 0.0280993 0.0260905 0.0220585 0.0194291 0.0192946 0.0191637 0.0164728 0.0153232 0.0172592 0.0175394 0.0186254 0.0189374 0.0175384 0.0160991 0.0158822 0.0115369 
0.0219914 0.0177814 0.017543 0.0149596 0.0170208 0.0189758 0.0185722 0.0235108 0.0216373 0.021724 0.0277035 0.0299538 0.0301081 0.0441643 0.0517332 0 0 0 0.06215 0.0490433 0.0446517 0.0391489 0.0342787 0.0341044 0.0325856 0.0346082 0.0329076 0.0328458 0.0296147 0.0252141 0.022601 0.0195493 0.0192441 0.0186137 0.018111 0.0158157 0.0186599 0.0178454 0.018368 0.0195125 0.0186143 0.0176993 0.0150633 0.011738 
0.0185693 0.0113401 0.0194726 0.0136991 0.016308 0.0145005 0.0165787 0.0186406 0.0155354 0.0200608 0.0226906 0.0216389 0.0273273 0.0298285 0.0364631 0.0714251 0 0 0 0.0586439 0.0453474 0.0345503 0.0318522 0.0342757 0.0338845 0.0328169 0.0340671 0.0319063 0.0303125 0.0241208 0.0213825 0.0183496 0.0187255 0.0188375 0.017694 0.0159198 0.0180638 0.0184562 0.0202275 0.0216292 0.0188821 0.0187593 0.0166006 0.0116669 
0.0189023 0.0145488 0.0143055 0.0154134 0.016738 0.0170869 0.0178776 0.0200355 0.0186644 0.0193314 0.0227767 0.0285329 0.029455 0.033241 0.0353217 0.0609945 0.107172 0 0 0 0.0509785 0.0370611 0.0329933 0.0335781 0.0381755 0.0347805 0.03509 0.0369359 0.0310286 0.0257721 0.0217677 0.0198135 0.0192907 0.0189731 0.0191303 0.0179083 0.0194254 0.018801 0.0188115 0.0212966 0.0203303 0.0180277 0.0154991 0.0115116 
0.0134429 0.0125053 0.00758682 0.0140278 0.0131588 0.0142185 0.0113937 0.011732 0.0140864 0.0179567 0.0191735 0.0189153 0.0190127 0.0214231 0.0332259 0.0624745 0.0859909 0.10715 0 0 0 0.0424305 0.0358765 0.0347633 0.0343054 0.0339985 0.0329186 0.0293316 0.0283058 0.0233268 0.0218915 0.0189986 0.0193275 0.0194344 0.0202672 0.0187488 0.019342 0.0180964 0.0174958 0.0188494 0.0179133 0.0157394 0.0140116 0.0106014 
0.0118609 0.0128302 0.00852401 0.0143921 0.011378 0.0173867 0.0119118 0.0140131 0.0151686 0.0121302 0.0239488 0.0193818 0.015722 0.0263498 0.0329548 0.062571 0.0662526 0.0653942 0.0657693 0 0 0 0.0497788 0.0414052 0.0408504 0.0394941 0.0361426 0.0323794 0.0293721 0.0259629 0.0246921 0.0216787 0.0215382 0.0204835 0.0198306 0.018329 0.0193414 0.0196387 0.0184738 0.0184723 0.0189626 0.0164845 0.0142232 0.0110233 
0.0126022 0.0123021 0.00980781 0.0130331 0.00914058 0.0133368 0.0120934 0.0140205 0.0120687 0.0132026 0.0151852 0.0166278 0.018352 0.0255811 0.035927 0.0494701 0.0496765 0.046318 0.0446691 0.0419756 0 0 0 0.0504357 0.0436145 0.0390664 0.036688 0.0313417 0.0287752 0.0258169 0.0225773 0.0211585 0.0202381 0.0191841 0.0182524 0.0171492 0.0196015 0.0206319 0.020805 0.0204829 0.0198445 0.0176316 0.0156245 0.0112929 
0.0106097 0.0112713 0.00952937 0.00940912 0.0106302 0.0110827 0.0126262 0.0112027 0.0111564 0.013503 0.0164777 0.0185066 0.0178478 0.021318 0.0318745 0.0405706 0.0431855 0.0372206 0.0315766 0.0362543 0.0586552 0 0 0 0.0561511 0.0475242 0.0412849 0.0367617 0.0308371 0.0265483 0.0229145 0.0204703 0.0194635 0.0192471 0.0174701 0.0171698 0.0181333 0.020091 0.0229784 0.0221948 0.0219056 0.0191771 0.0151873 0.0108618 
0.0146594 0.00922523 0.0100025 0.0103483 0.013532 0.00933444 0.0108825 0.0118281 0.013088 0.0135779 0.0203305 0.0178968 0.0185787 0.0218829 0.0241499 0.0385969 0.0474116 0.0360094 0.0342852 0.0312293 0.054562 0.0676447 0 0 0 0.0587251 0.0484997 0.0425722 0.035629 0.0306329 0.0268872 0.0238417 0.023099 0.0224638 0.0205024 0.0182526 0.0190399 0.0221877 0.0230713 0.0224375 0.0216559 0.0187857 0.0151899 0.0106441 
0.0117176 0.0127243 0.00608663 0.0115546 0.00941069 0.0137945 0.0136997 0.00958146 0.00987654 0.0167213 0.0229849 0.0182101 0.0212092 0.0265989 0.0314676 0.0403588 0.0427065 0.0368734 0.0364957 0.0295952 0.0431408 0.0643459 0.0700066 0 0 0 0.0600005 0.0540109 0.04144 0.0339863 0.030455 0.0271704 0.0255833 0.0247366 0.023648 0.0202172 0.0209616 0.0234616 0.0240623 0.0233299 0.0228604 0.0195748 0.0163647 0.0114053 
0.0119577 0.0119648 0.0114467 0.0134214 0.00860319 0.0115299 0.0107817 0.0144884 0.0111358 0.019261 0.0223334 0.0202942 0.0210361 0.0331729 0.0378889 0.0455545 0.0524138 0.0330965 0.0323703 0.0350385 0.0488293 0.0497007 0.055804 0.084263 0 0 0 0.0620225 0.0465641 0.0384569 0.0315672 0.0303314 0.0266089 0.0240903 0.0269925 0.0219199 0.0216506 0.0250496 0.0255502 0.0243125 0.0238843 0.0214519 0.0185417 0.0125223 
0.0131583 0.0123533 0.00995233 0.0105753 0.0109396 0.0123351 0.0127829 0.015283 0.0150138 0.0116627 0.0183217 0.0223317 0.024629 0.0273401 0.032119 0.048063 0.0435346 0.0374686 0.0312459 0.0260973 0.0393115 0.0419207 0.0508007 0.0602304 0.0861981 0 0 0 0.0571719 0.0403782 0.0343602 0.0322386 0.0290194 0.0268878 0.0248623 0.0218241 0.0230781 0.0244914 0.0257787 0.0247442 0.0249026 0.0224727 0.0207428 0.0150479 
0.00918755 0.0073771 0.00922923 0.0095483 0.0129755 0.0163028 0.0131093 0.0143091 0.0120762 0.0125282 0.0199888 0.0178667 0.0168703 0.0233378 0.0273144 0.03605 0.0389966 0.0298245 0.0334527 0.0263451 0.0362348 0.0310538 0.0372632 0.0464818 0.0722348 0.0852245 0 0 0 0.0487309 0.0367011 0.0343033 0.029016 0.029639 0.0285759 0.0233411 0.0241826 0.0281275 0.0277379 0.0251959 0.0240467 0.0237263 0.0206849 0.0159339 
0.0113552 0.0117636 0.0118032 0.0115865 0.0106453 0.0133751 0.00987174 0.0117718 0.0129911 0.00976545 0.0158594 0.020257 0.0187104 0.0193569 0.0287111 0.0353496 0.0381701 0.0357146 0.0297832 0.0305257 0.0350198 0.028293 0.0331499 0.0405681 0.0531987 0.0553368 0.0825212 0 0 0 0.0498617 0.0469221 0.0379942 0.0394571 0.0336501 0.0277042 0.0300828 0.0323099 0.032129 0.0291125 0.0274139 0.0259555 0.0238789 0.0158301 
0.00938652 0.00883016 0.00921577 0.009605 0.0106206 0.0127638 0.0136782 0.00960618 0.0111463 0.0115688 0.0194308 0.0145519 0.0169363 0.0220091 0.0227089 0.031319 0.0275824 0.0244257 0.0274332 0.0196692 0.0260069 0.0298658 0.0269124 0.0336594 0.0401022 0.0456854 0.0477207 0.056577 0 0 0 0.0553971 0.0416993 0.0414558 0.0381834 0.0336495 0.0345661 0.0330162 0.0319574 0.0328669 0.0292185 0.0268611 0.0236562 0.0156783 
0.010752 0.00912262 0.00752378 0.00670452 0.0100429 0.00920788 0.0111325 0.00806659 0.0116795 0.0118643 0.0102283 0.0132058 0.0135754 0.0183156 0.021517 0.0215586 0.0254977 0.0223341 0.0217694 0.0173426 0.0220419 0.0221573 0.0185649 0.0248467 0.0299189 0.0321589 0.0382657 0.033115 0.0558107 0 0 0 0.0587926 0.0509997 0.042915 0.0342831 0.0376502 0.0354279 0.0348597 0.0335187 0.0313394 0.026617 0.0247551 0.0173687 
0.0129443 0.00681682 0.00700471 0.0076467 0.00762468 0.00574792 0.0114168 0.00906387 0.00868801 0.0109157 0.0158711 0.0120442 0.0142853 0.0168 0.0204675 0.0266347 0.0209091 0.0218828 0.0236195 0.0180704 0.023968 0.0210664 0.0232944 0.0251119 0.0317744 0.0439045 0.0403418 0.0461138 0.0620215 0.0799074 0 0 0 0.0613554 0.050506 0.0398406 0.0394187 0.0386628 0.0373129 0.0355721 0.0294073 0.0275246 0.0270485 0.0169502 
0.00673827 0.00799082 0.0066892 0.0106443 0.00861861 0.00974581 0.00711885 0.0113126 0.00881912 0.0101072 0.0100139 0.0100064 0.0112553 0.0136161 0.0148664 0.0240359 0.0226605 0.014736 0.0182409 0.0135253 0.0206015 0.0230008 0.0247002 0.0241067 0.0302274 0.0271073 0.0308908 0.0305561 0.0440762 0.055726 0.07448 0 0 0 0.0535437 0.0426946 0.042727 0.036831 0.0353467 0.0319716 0.0268547 0.0246371 0.0219212 0.0154651 
0.00702068 0.00780537 0.00967993 0.0116741 0.00823151 0.00846189 0.0119357 0.012108 0.0104715 0.011169 0.0144128 0.014894 0.0146935 0.0184347 0.0216047 0.0291615 0.024196 0.0242565 0.0200057 0.0187336 0.019276 0.021302 0.0199443 0.0284716 0.0319386 0.0304675 0.0402318 0.035114 0.0562865 0.0578898 0.0732471 0.081701 0 0 0 0.0495529 0.0530185 0.0427291 0.0394539 0.0384741 0.0340506 0.0266294 0.0247267 0.0171089 
0.0102039 0.00734048 0.0063842 0.00935695 0.00662164 0.00904307 0.00787196 0.0116932 0.00725157 0.012891 0.0115721 0.014962 0.0108793 0.0151097 0.0173282 0.0210681 0.0249868 0.020305 0.0209522 0.0187175 0.0214937 0.0206091 0.0194138 0.0214737 0.0275669 0.0334066 0.0319882 0.0312214 0.0346073 0.039636 0.0429357 0.0571661 0.0602398 0 0 0 0.0675096 0.0532033 0.0448006 0.038405 0.033659 0.0270096 0.0282036 0.0178667 
0.00713593 0.00761617 0.00576837 0.0067635 0.00739307 0.00722468 0.00748698 0.00705254 0.0106328 0.00934136 0.0141017 0.0051471 0.0112602 0.0108514 0.0144709 0.0153948 0.0164956 0.012582 0.0199275 0.0159605 0.0132697 0.0116919 0.0163542 0.0157818 0.018597 0.0183948 0.0199554 0.0157038 0.0277177 0.0288117 0.0322888 0.0391263 0.0419651 0.0544004 0 0 0 0.0522942 0.0420596 0.0341463 0.0287156 0.0261419 0.025984 0.0180611 
0.00864603 0.00640826 0.00817435 0.00479227 0.00552937 0.0084911 0.00699951 0.00791202 0.0125734 0.00753235 0.00926063 0.00815206 0.0126325 0.0177672 0.0144306 0.0156261 0.0197605 0.0170698 0.0191623 0.0179056 0.0164963 0.0150457 0.0171635 0.0201352 0.0208634 0.0228878 0.0242224 0.0192192 0.0285043 0.0362501 0.0355136 0.0410443 0.0448241 0.0649465 0.101704 0 0 0 0.0529942 0.042935 0.0329519 0.028067 0.0263927 0.0188169 
0.00789012 0.012427 0.00944115 0.00655993 0.00851503 0.0103023 0.0111383 0.00812282 0.0079436 0.0110952 0.0114881 0.0101128 0.0136701 0.0162138 0.0138891 0.0191384 0.019965 0.0208947 0.0173308 0.014494 0.0185881 0.0190112 0.0194437 0.0206717 0.0214193 0.0273497 0.0282588 0.0282815 0.0355821 0.0400071 0.0397411 0.0535502 0.0555693 0.056625 0.0843044 0.0798136 0 0 0 0.052584 0.0409797 0.0322305 0.0294925 0.0192202 
0.00997237 0.0070023 0.00809472 0.00621836 0.0095664 0.00885648 0.00774396 0.00698287 0.00713366 0.00858844 0.0145462 0.00946448 0.0142698 0.0175267 0.0158915 0.0197706 0.0185077 0.0161413 0.0175735 0.0126987 0.0145083 0.017389 0.0172186 0.0190619 0.0263479 0.024907 0.026167 0.0202133 0.0315891 0.0376299 0.0407459 0.0464842 0.0455137 0.0534927 0.0740879 0.0601885 0.0787227 0 0 0 0.0502932 0.0408379 0.0349783 0.0211059 
0.00786222 0.00874097 0.00674392 0.00600958 0.00656897 0.00825345 0.00637523 0.00578437 0.0091922 0.0101157 0.00855692 0.00968476 0.00892341 0.0109447 0.0114292 0.0169356 0.0158989 0.0166393 0.0195129 0.0103633 0.0152959 0.0109997 0.0166405 0.0131978 0.0241088 0.0199104 0.0218004 0.0215642 0.0289893 0.0332562 0.0354401 0.0424403 0.0417529 0.0439422 0.0608604 0.0465342 0.0541152 0.0905252 0 0 0 0.0520565 0.0413072 0.0231835 
0.00677905 0.0054432 0.00640923 0.00328777 0.00397411 0.00544711 0.00370445 0.00501056 0.006825 0.00770329 0.0108914 0.0103866 0.00642466 0.0112219 0.010077 0.0112847 0.0162313 0.00965179 0.0128781 0.0101244 0.0123032 0.00816705 0.0118332 0.0171483 0.0172969 0.0185339 0.0146756 0.0173295 0.0182858 0.0252249 0.0242251 0.0238009 0.0271877 0.0372321 0.0443015 0.036236 0.0349797 0.0446469 0.0724415 0 0 0 0.0515027 0.0254021 
0.00691514 0.00549146 0.00525366 0.003696 0.00568597 0.00476268 0.00377882 0.00328574 0.00547016 0.00808245 0.00892773 0.00838294 0.00684621 0.00812018 0.0159986 0.0114172 0.0101601 0.0151903 0.00985251 0.00743589 0.0136535 0.00773593 0.0118679 0.0171356 0.0147718 0.0162052 0.0181152 0.0192695 0.0224834 0.0256278 0.0219116 0.0285775 0.0260907 0.0297013 0.023241 0.0386827 0.0409171 0.0330966 0.058936 0.090346 0 0 0 0.0306679 
0.00576692 0.00641149 0.00350506 0.0061646 0.00395154 0.0029789 0.00540234 0.0101777 0.00746487 0.0067404 0.00794168 0.00961263 0.00790537 0.00592539 0.00696111 0.0105794 0.00887655 0.0101344 0.0117379 0.00797298 0.0113865 0.018858 0.0114199 0.0116109 0.0140789 0.0173756 0.0207725 0.0115374 0.0200001 0.0186523 0.0201007 0.0315321 0.0311872 0.0277083 0.039733 0.0331813 0.033089 0.0445864 0.0711827 0.0778014 0.0790479 0 0 0 
0 0 0 0 0 0 0 0 0 0 0 0 0 0 0 0 0 0 0 0 0 0 0 0 0 0 0 0 0 0 0 0 0 0 0 0 0 0 0 0 0 0 0 0 
